000040000
002607100
871000694
060000040
205906708
180000020
658000471
009408500
000070000

000040000
002607100
871000694
060000040
205906708
183000020
658000471
009408500
000070000

000040000
002607100
871000694
060000040
205906708
183500020
658000471
009408500
000070000

000040000
002607100
871000694
060000040
205906708
183500020
658000471
009408500
000070000

000040000
002607100
871000694
060000040
205906708
183700020
658000471
009408500
000070000

000040000
002607100
871000694
060000040
205906708
183750020
658000471
009408500
000070000

000040000
002607100
871000694
060000040
205906708
183754020
658000471
009408500
000070000

000040000
002607100
871000694
060000040
205906708
183754920
658000471
009408500
000070000

000040000
002607100
871000694
060000040
205906708
183754926
658000471
009408500
000070000

000040000
002607100
871000694
060000040
205906708
183754926
658200471
009408500
000070000

000040000
002607100
871000694
060000040
205906708
183754926
658230471
009408500
000070000

000040000
002607100
871000694
060000040
205906708
183754926
658239471
009408500
000070000

000040000
002607100
871000694
060000040
205906708
183754926
658239471
309408500
000070000

000040000
002607100
871000694
060000040
205906708
183754926
658239471
319408500
000070000

000040000
002607100
871000694
060000040
205906708
183754926
658239471
319468500
000070000

000040000
002607100
871000694
060000040
205906708
183754926
658239471
319468500
000070000

000040000
002607100
871000694
060000040
205906708
183754926
658239471
319408500
000070000

000040000
002607100
871000694
060000040
205906708
183754926
658239471
329408500
000070000

000040000
002607100
871000694
060000040
205906708
183754926
658239471
329418500
000070000

000040000
002607100
871000694
060000040
205906708
183754926
658239471
329418560
000070000

000040000
002607100
871000694
060000040
205906708
183754926
658239471
329418560
000070000

000040000
002607100
871000694
060000040
205906708
183754926
658239471
329418500
000070000

000040000
002607100
871000694
060000040
205906708
183754926
658239471
329468500
000070000

000040000
002607100
871000694
060000040
205906708
183754926
658239471
329468500
000070000

000040000
002607100
871000694
060000040
205906708
183754926
658239471
329408500
000070000

000040000
002607100
871000694
060000040
205906708
183754926
658239471
309408500
000070000

000040000
002607100
871000694
060000040
205906708
183754926
658239471
709408500
000070000

000040000
002607100
871000694
060000040
205906708
183754926
658239471
719408500
000070000

000040000
002607100
871000694
060000040
205906708
183754926
658239471
719468500
000070000

000040000
002607100
871000694
060000040
205906708
183754926
658239471
719468530
000070000

000040000
002607100
871000694
060000040
205906708
183754926
658239471
719468532
000070000

000040000
002607100
871000694
060000040
205906708
183754926
658239471
719468532
300070000

000040000
002607100
871000694
060000040
205906708
183754926
658239471
719468532
320070000

000040000
002607100
871000694
060000040
205906708
183754926
658239471
719468532
324070000

000040000
002607100
871000694
060000040
205906708
183754926
658239471
719468532
324170000

000040000
002607100
871000694
060000040
205906708
183754926
658239471
719468532
324175000

000040000
002607100
871000694
060000040
205906708
183754926
658239471
719468532
324175800

000040000
002607100
871000694
060000040
205906708
183754926
658239471
719468532
324175860

000040000
002607100
871000694
060000040
205906708
183754926
658239471
719468532
324175869

500040000
002607100
871000694
060000040
205906708
183754926
658239471
719468532
324175869

530040000
002607100
871000694
060000040
205906708
183754926
658239471
719468532
324175869

536040000
002607100
871000694
060000040
205906708
183754926
658239471
719468532
324175869

536840000
002607100
871000694
060000040
205906708
183754926
658239471
719468532
324175869

536841000
002607100
871000694
060000040
205906708
183754926
658239471
719468532
324175869

536841200
002607100
871000694
060000040
205906708
183754926
658239471
719468532
324175869

536841200
002607100
871000694
060000040
205906708
183754926
658239471
719468532
324175869

536841000
002607100
871000694
060000040
205906708
183754926
658239471
719468532
324175869

536842000
002607100
871000694
060000040
205906708
183754926
658239471
719468532
324175869

536842000
002607100
871000694
060000040
205906708
183754926
658239471
719468532
324175869

536840000
002607100
871000694
060000040
205906708
183754926
658239471
719468532
324175869

536040000
002607100
871000694
060000040
205906708
183754926
658239471
719468532
324175869

530040000
002607100
871000694
060000040
205906708
183754926
658239471
719468532
324175869

590040000
002607100
871000694
060000040
205906708
183754926
658239471
719468532
324175869

596040000
002607100
871000694
060000040
205906708
183754926
658239471
719468532
324175869

596340000
002607100
871000694
060000040
205906708
183754926
658239471
719468532
324175869

596341000
002607100
871000694
060000040
205906708
183754926
658239471
719468532
324175869

596341200
002607100
871000694
060000040
205906708
183754926
658239471
719468532
324175869

596341280
002607100
871000694
060000040
205906708
183754926
658239471
719468532
324175869

596341287
002607100
871000694
060000040
205906708
183754926
658239471
719468532
324175869

596341287
402607100
871000694
060000040
205906708
183754926
658239471
719468532
324175869

596341287
432607100
871000694
060000040
205906708
183754926
658239471
719468532
324175869

596341287
432687100
871000694
060000040
205906708
183754926
658239471
719468532
324175869

596341287
432687150
871000694
060000040
205906708
183754926
658239471
719468532
324175869

596341287
432687150
871000694
060000040
205906708
183754926
658239471
719468532
324175869

596341287
432687100
871000694
060000040
205906708
183754926
658239471
719468532
324175869

596341287
432697100
871000694
060000040
205906708
183754926
658239471
719468532
324175869

596341287
432697150
871000694
060000040
205906708
183754926
658239471
719468532
324175869

596341287
432697150
871000694
060000040
205906708
183754926
658239471
719468532
324175869

596341287
432697100
871000694
060000040
205906708
183754926
658239471
719468532
324175869

596341287
432607100
871000694
060000040
205906708
183754926
658239471
719468532
324175869

596341287
402607100
871000694
060000040
205906708
183754926
658239471
719468532
324175869

596341287
002607100
871000694
060000040
205906708
183754926
658239471
719468532
324175869

596341280
002607100
871000694
060000040
205906708
183754926
658239471
719468532
324175869

596341200
002607100
871000694
060000040
205906708
183754926
658239471
719468532
324175869

596341000
002607100
871000694
060000040
205906708
183754926
658239471
719468532
324175869

596342000
002607100
871000694
060000040
205906708
183754926
658239471
719468532
324175869

596342000
002607100
871000694
060000040
205906708
183754926
658239471
719468532
324175869

596340000
002607100
871000694
060000040
205906708
183754926
658239471
719468532
324175869

596840000
002607100
871000694
060000040
205906708
183754926
658239471
719468532
324175869

596841000
002607100
871000694
060000040
205906708
183754926
658239471
719468532
324175869

596841200
002607100
871000694
060000040
205906708
183754926
658239471
719468532
324175869

596841200
002607100
871000694
060000040
205906708
183754926
658239471
719468532
324175869

596841300
002607100
871000694
060000040
205906708
183754926
658239471
719468532
324175869

596841300
002607100
871000694
060000040
205906708
183754926
658239471
719468532
324175869

596841000
002607100
871000694
060000040
205906708
183754926
658239471
719468532
324175869

596842000
002607100
871000694
060000040
205906708
183754926
658239471
719468532
324175869

596842300
002607100
871000694
060000040
205906708
183754926
658239471
719468532
324175869

596842300
002607100
871000694
060000040
205906708
183754926
658239471
719468532
324175869

596842000
002607100
871000694
060000040
205906708
183754926
658239471
719468532
324175869

596843000
002607100
871000694
060000040
205906708
183754926
658239471
719468532
324175869

596843200
002607100
871000694
060000040
205906708
183754926
658239471
719468532
324175869

596843200
002607100
871000694
060000040
205906708
183754926
658239471
719468532
324175869

596843000
002607100
871000694
060000040
205906708
183754926
658239471
719468532
324175869

596840000
002607100
871000694
060000040
205906708
183754926
658239471
719468532
324175869

596040000
002607100
871000694
060000040
205906708
183754926
658239471
719468532
324175869

590040000
002607100
871000694
060000040
205906708
183754926
658239471
719468532
324175869

500040000
002607100
871000694
060000040
205906708
183754926
658239471
719468532
324175869

900040000
002607100
871000694
060000040
205906708
183754926
658239471
719468532
324175869

930040000
002607100
871000694
060000040
205906708
183754926
658239471
719468532
324175869

936040000
002607100
871000694
060000040
205906708
183754926
658239471
719468532
324175869

936540000
002607100
871000694
060000040
205906708
183754926
658239471
719468532
324175869

936541000
002607100
871000694
060000040
205906708
183754926
658239471
719468532
324175869

936541200
002607100
871000694
060000040
205906708
183754926
658239471
719468532
324175869

936541280
002607100
871000694
060000040
205906708
183754926
658239471
719468532
324175869

936541287
002607100
871000694
060000040
205906708
183754926
658239471
719468532
324175869

936541287
402607100
871000694
060000040
205906708
183754926
658239471
719468532
324175869

936541287
402607100
871000694
060000040
205906708
183754926
658239471
719468532
324175869

936541287
502607100
871000694
060000040
205906708
183754926
658239471
719468532
324175869

936541287
542607100
871000694
060000040
205906708
183754926
658239471
719468532
324175869

936541287
542687100
871000694
060000040
205906708
183754926
658239471
719468532
324175869

936541287
542687100
871000694
060000040
205906708
183754926
658239471
719468532
324175869

936541287
542697100
871000694
060000040
205906708
183754926
658239471
719468532
324175869

936541287
542697100
871000694
060000040
205906708
183754926
658239471
719468532
324175869

936541287
542607100
871000694
060000040
205906708
183754926
658239471
719468532
324175869

936541287
502607100
871000694
060000040
205906708
183754926
658239471
719468532
324175869

936541287
002607100
871000694
060000040
205906708
183754926
658239471
719468532
324175869

936541280
002607100
871000694
060000040
205906708
183754926
658239471
719468532
324175869

936541200
002607100
871000694
060000040
205906708
183754926
658239471
719468532
324175869

936541000
002607100
871000694
060000040
205906708
183754926
658239471
719468532
324175869

936542000
002607100
871000694
060000040
205906708
183754926
658239471
719468532
324175869

936542000
002607100
871000694
060000040
205906708
183754926
658239471
719468532
324175869

936540000
002607100
871000694
060000040
205906708
183754926
658239471
719468532
324175869

936840000
002607100
871000694
060000040
205906708
183754926
658239471
719468532
324175869

936841000
002607100
871000694
060000040
205906708
183754926
658239471
719468532
324175869

936841200
002607100
871000694
060000040
205906708
183754926
658239471
719468532
324175869

936841250
002607100
871000694
060000040
205906708
183754926
658239471
719468532
324175869

936841257
002607100
871000694
060000040
205906708
183754926
658239471
719468532
324175869

936841257
402607100
871000694
060000040
205906708
183754926
658239471
719468532
324175869

936841257
402607100
871000694
060000040
205906708
183754926
658239471
719468532
324175869

936841257
502607100
871000694
060000040
205906708
183754926
658239471
719468532
324175869

936841257
542607100
871000694
060000040
205906708
183754926
658239471
719468532
324175869

936841257
542697100
871000694
060000040
205906708
183754926
658239471
719468532
324175869

936841257
542697180
871000694
060000040
205906708
183754926
658239471
719468532
324175869

936841257
542697183
871000694
060000040
205906708
183754926
658239471
719468532
324175869

936841257
542697183
871300694
060000040
205906708
183754926
658239471
719468532
324175869

936841257
542697183
871320694
060000040
205906708
183754926
658239471
719468532
324175869

936841257
542697183
871320694
060000040
205906708
183754926
658239471
719468532
324175869

936841257
542697183
871300694
060000040
205906708
183754926
658239471
719468532
324175869

936841257
542697183
871500694
060000040
205906708
183754926
658239471
719468532
324175869

936841257
542697183
871520694
060000040
205906708
183754926
658239471
719468532
324175869

936841257
542697183
871523694
060000040
205906708
183754926
658239471
719468532
324175869

936841257
542697183
871523694
060000040
205906708
183754926
658239471
719468532
324175869

936841257
542697183
871520694
060000040
205906708
183754926
658239471
719468532
324175869

936841257
542697183
871500694
060000040
205906708
183754926
658239471
719468532
324175869

936841257
542697183
871000694
060000040
205906708
183754926
658239471
719468532
324175869

936841257
542697180
871000694
060000040
205906708
183754926
658239471
719468532
324175869

936841257
542697100
871000694
060000040
205906708
183754926
658239471
719468532
324175869

936841257
542607100
871000694
060000040
205906708
183754926
658239471
719468532
324175869

936841257
502607100
871000694
060000040
205906708
183754926
658239471
719468532
324175869

936841257
002607100
871000694
060000040
205906708
183754926
658239471
719468532
324175869

936841250
002607100
871000694
060000040
205906708
183754926
658239471
719468532
324175869

936841200
002607100
871000694
060000040
205906708
183754926
658239471
719468532
324175869

936841000
002607100
871000694
060000040
205906708
183754926
658239471
719468532
324175869

936842000
002607100
871000694
060000040
205906708
183754926
658239471
719468532
324175869

936842000
002607100
871000694
060000040
205906708
183754926
658239471
719468532
324175869

936840000
002607100
871000694
060000040
205906708
183754926
658239471
719468532
324175869

936040000
002607100
871000694
060000040
205906708
183754926
658239471
719468532
324175869

930040000
002607100
871000694
060000040
205906708
183754926
658239471
719468532
324175869

900040000
002607100
871000694
060000040
205906708
183754926
658239471
719468532
324175869

000040000
002607100
871000694
060000040
205906708
183754926
658239471
719468532
324175869

000040000
002607100
871000694
060000040
205906708
183754926
658239471
719468532
324175860

000040000
002607100
871000694
060000040
205906708
183754926
658239471
719468532
324175800

000040000
002607100
871000694
060000040
205906708
183754926
658239471
719468532
324175000

000040000
002607100
871000694
060000040
205906708
183754926
658239471
719468532
324170000

000040000
002607100
871000694
060000040
205906708
183754926
658239471
719468532
324570000

000040000
002607100
871000694
060000040
205906708
183754926
658239471
719468532
324571000

000040000
002607100
871000694
060000040
205906708
183754926
658239471
719468532
324571800

000040000
002607100
871000694
060000040
205906708
183754926
658239471
719468532
324571860

000040000
002607100
871000694
060000040
205906708
183754926
658239471
719468532
324571869

500040000
002607100
871000694
060000040
205906708
183754926
658239471
719468532
324571869

530040000
002607100
871000694
060000040
205906708
183754926
658239471
719468532
324571869

536040000
002607100
871000694
060000040
205906708
183754926
658239471
719468532
324571869

536140000
002607100
871000694
060000040
205906708
183754926
658239471
719468532
324571869

536142000
002607100
871000694
060000040
205906708
183754926
658239471
719468532
324571869

536142000
002607100
871000694
060000040
205906708
183754926
658239471
719468532
324571869

536140000
002607100
871000694
060000040
205906708
183754926
658239471
719468532
324571869

536840000
002607100
871000694
060000040
205906708
183754926
658239471
719468532
324571869

536842000
002607100
871000694
060000040
205906708
183754926
658239471
719468532
324571869

536842000
002607100
871000694
060000040
205906708
183754926
658239471
719468532
324571869

536840000
002607100
871000694
060000040
205906708
183754926
658239471
719468532
324571869

536040000
002607100
871000694
060000040
205906708
183754926
658239471
719468532
324571869

530040000
002607100
871000694
060000040
205906708
183754926
658239471
719468532
324571869

590040000
002607100
871000694
060000040
205906708
183754926
658239471
719468532
324571869

596040000
002607100
871000694
060000040
205906708
183754926
658239471
719468532
324571869

596140000
002607100
871000694
060000040
205906708
183754926
658239471
719468532
324571869

596142000
002607100
871000694
060000040
205906708
183754926
658239471
719468532
324571869

596142300
002607100
871000694
060000040
205906708
183754926
658239471
719468532
324571869

596142380
002607100
871000694
060000040
205906708
183754926
658239471
719468532
324571869

596142387
002607100
871000694
060000040
205906708
183754926
658239471
719468532
324571869

596142387
402607100
871000694
060000040
205906708
183754926
658239471
719468532
324571869

596142387
432607100
871000694
060000040
205906708
183754926
658239471
719468532
324571869

596142387
432687100
871000694
060000040
205906708
183754926
658239471
719468532
324571869

596142387
432687150
871000694
060000040
205906708
183754926
658239471
719468532
324571869

596142387
432687150
871000694
060000040
205906708
183754926
658239471
719468532
324571869

596142387
432687100
871000694
060000040
205906708
183754926
658239471
719468532
324571869

596142387
432697100
871000694
060000040
205906708
183754926
658239471
719468532
324571869

596142387
432697150
871000694
060000040
205906708
183754926
658239471
719468532
324571869

596142387
432697150
871000694
060000040
205906708
183754926
658239471
719468532
324571869

596142387
432697100
871000694
060000040
205906708
183754926
658239471
719468532
324571869

596142387
432607100
871000694
060000040
205906708
183754926
658239471
719468532
324571869

596142387
402607100
871000694
060000040
205906708
183754926
658239471
719468532
324571869

596142387
002607100
871000694
060000040
205906708
183754926
658239471
719468532
324571869

596142380
002607100
871000694
060000040
205906708
183754926
658239471
719468532
324571869

596142300
002607100
871000694
060000040
205906708
183754926
658239471
719468532
324571869

596142000
002607100
871000694
060000040
205906708
183754926
658239471
719468532
324571869

596143000
002607100
871000694
060000040
205906708
183754926
658239471
719468532
324571869

596143200
002607100
871000694
060000040
205906708
183754926
658239471
719468532
324571869

596143280
002607100
871000694
060000040
205906708
183754926
658239471
719468532
324571869

596143287
002607100
871000694
060000040
205906708
183754926
658239471
719468532
324571869

596143287
402607100
871000694
060000040
205906708
183754926
658239471
719468532
324571869

596143287
432607100
871000694
060000040
205906708
183754926
658239471
719468532
324571869

596143287
432687100
871000694
060000040
205906708
183754926
658239471
719468532
324571869

596143287
432687150
871000694
060000040
205906708
183754926
658239471
719468532
324571869

596143287
432687150
871000694
060000040
205906708
183754926
658239471
719468532
324571869

596143287
432687100
871000694
060000040
205906708
183754926
658239471
719468532
324571869

596143287
432697100
871000694
060000040
205906708
183754926
658239471
719468532
324571869

596143287
432697150
871000694
060000040
205906708
183754926
658239471
719468532
324571869

596143287
432697150
871000694
060000040
205906708
183754926
658239471
719468532
324571869

596143287
432697100
871000694
060000040
205906708
183754926
658239471
719468532
324571869

596143287
432607100
871000694
060000040
205906708
183754926
658239471
719468532
324571869

596143287
402607100
871000694
060000040
205906708
183754926
658239471
719468532
324571869

596143287
002607100
871000694
060000040
205906708
183754926
658239471
719468532
324571869

596143280
002607100
871000694
060000040
205906708
183754926
658239471
719468532
324571869

596143200
002607100
871000694
060000040
205906708
183754926
658239471
719468532
324571869

596143000
002607100
871000694
060000040
205906708
183754926
658239471
719468532
324571869

596140000
002607100
871000694
060000040
205906708
183754926
658239471
719468532
324571869

596340000
002607100
871000694
060000040
205906708
183754926
658239471
719468532
324571869

596342000
002607100
871000694
060000040
205906708
183754926
658239471
719468532
324571869

596342000
002607100
871000694
060000040
205906708
183754926
658239471
719468532
324571869

596340000
002607100
871000694
060000040
205906708
183754926
658239471
719468532
324571869

596840000
002607100
871000694
060000040
205906708
183754926
658239471
719468532
324571869

596842000
002607100
871000694
060000040
205906708
183754926
658239471
719468532
324571869

596842300
002607100
871000694
060000040
205906708
183754926
658239471
719468532
324571869

596842300
002607100
871000694
060000040
205906708
183754926
658239471
719468532
324571869

596842000
002607100
871000694
060000040
205906708
183754926
658239471
719468532
324571869

596843000
002607100
871000694
060000040
205906708
183754926
658239471
719468532
324571869

596843200
002607100
871000694
060000040
205906708
183754926
658239471
719468532
324571869

596843200
002607100
871000694
060000040
205906708
183754926
658239471
719468532
324571869

596843000
002607100
871000694
060000040
205906708
183754926
658239471
719468532
324571869

596840000
002607100
871000694
060000040
205906708
183754926
658239471
719468532
324571869

596040000
002607100
871000694
060000040
205906708
183754926
658239471
719468532
324571869

590040000
002607100
871000694
060000040
205906708
183754926
658239471
719468532
324571869

500040000
002607100
871000694
060000040
205906708
183754926
658239471
719468532
324571869

900040000
002607100
871000694
060000040
205906708
183754926
658239471
719468532
324571869

930040000
002607100
871000694
060000040
205906708
183754926
658239471
719468532
324571869

936040000
002607100
871000694
060000040
205906708
183754926
658239471
719468532
324571869

936140000
002607100
871000694
060000040
205906708
183754926
658239471
719468532
324571869

936142000
002607100
871000694
060000040
205906708
183754926
658239471
719468532
324571869

936142000
002607100
871000694
060000040
205906708
183754926
658239471
719468532
324571869

936145000
002607100
871000694
060000040
205906708
183754926
658239471
719468532
324571869

936145200
002607100
871000694
060000040
205906708
183754926
658239471
719468532
324571869

936145280
002607100
871000694
060000040
205906708
183754926
658239471
719468532
324571869

936145287
002607100
871000694
060000040
205906708
183754926
658239471
719468532
324571869

936145287
402607100
871000694
060000040
205906708
183754926
658239471
719468532
324571869

936145287
402607100
871000694
060000040
205906708
183754926
658239471
719468532
324571869

936145287
502607100
871000694
060000040
205906708
183754926
658239471
719468532
324571869

936145287
542607100
871000694
060000040
205906708
183754926
658239471
719468532
324571869

936145287
542687100
871000694
060000040
205906708
183754926
658239471
719468532
324571869

936145287
542687100
871000694
060000040
205906708
183754926
658239471
719468532
324571869

936145287
542697100
871000694
060000040
205906708
183754926
658239471
719468532
324571869

936145287
542697100
871000694
060000040
205906708
183754926
658239471
719468532
324571869

936145287
542607100
871000694
060000040
205906708
183754926
658239471
719468532
324571869

936145287
502607100
871000694
060000040
205906708
183754926
658239471
719468532
324571869

936145287
002607100
871000694
060000040
205906708
183754926
658239471
719468532
324571869

936145280
002607100
871000694
060000040
205906708
183754926
658239471
719468532
324571869

936145200
002607100
871000694
060000040
205906708
183754926
658239471
719468532
324571869

936145000
002607100
871000694
060000040
205906708
183754926
658239471
719468532
324571869

936140000
002607100
871000694
060000040
205906708
183754926
658239471
719468532
324571869

936840000
002607100
871000694
060000040
205906708
183754926
658239471
719468532
324571869

936842000
002607100
871000694
060000040
205906708
183754926
658239471
719468532
324571869

936842000
002607100
871000694
060000040
205906708
183754926
658239471
719468532
324571869

936845000
002607100
871000694
060000040
205906708
183754926
658239471
719468532
324571869

936845200
002607100
871000694
060000040
205906708
183754926
658239471
719468532
324571869

936845200
002607100
871000694
060000040
205906708
183754926
658239471
719468532
324571869

936845000
002607100
871000694
060000040
205906708
183754926
658239471
719468532
324571869

936840000
002607100
871000694
060000040
205906708
183754926
658239471
719468532
324571869

936040000
002607100
871000694
060000040
205906708
183754926
658239471
719468532
324571869

930040000
002607100
871000694
060000040
205906708
183754926
658239471
719468532
324571869

900040000
002607100
871000694
060000040
205906708
183754926
658239471
719468532
324571869

000040000
002607100
871000694
060000040
205906708
183754926
658239471
719468532
324571869

000040000
002607100
871000694
060000040
205906708
183754926
658239471
719468532
324571860

000040000
002607100
871000694
060000040
205906708
183754926
658239471
719468532
324571800

000040000
002607100
871000694
060000040
205906708
183754926
658239471
719468532
324571000

000040000
002607100
871000694
060000040
205906708
183754926
658239471
719468532
324570000

000040000
002607100
871000694
060000040
205906708
183754926
658239471
719468532
324070000

000040000
002607100
871000694
060000040
205906708
183754926
658239471
719468532
320070000

000040000
002607100
871000694
060000040
205906708
183754926
658239471
719468532
340070000

000040000
002607100
871000694
060000040
205906708
183754926
658239471
719468532
340070000

000040000
002607100
871000694
060000040
205906708
183754926
658239471
719468532
300070000

000040000
002607100
871000694
060000040
205906708
183754926
658239471
719468532
400070000

000040000
002607100
871000694
060000040
205906708
183754926
658239471
719468532
420070000

000040000
002607100
871000694
060000040
205906708
183754926
658239471
719468532
420070000

000040000
002607100
871000694
060000040
205906708
183754926
658239471
719468532
430070000

000040000
002607100
871000694
060000040
205906708
183754926
658239471
719468532
430070000

000040000
002607100
871000694
060000040
205906708
183754926
658239471
719468532
400070000

000040000
002607100
871000694
060000040
205906708
183754926
658239471
719468532
000070000

000040000
002607100
871000694
060000040
205906708
183754926
658239471
719468530
000070000

000040000
002607100
871000694
060000040
205906708
183754926
658239471
719468500
000070000

000040000
002607100
871000694
060000040
205906708
183754926
658239471
719408500
000070000

000040000
002607100
871000694
060000040
205906708
183754926
658239471
729408500
000070000

000040000
002607100
871000694
060000040
205906708
183754926
658239471
729418500
000070000

000040000
002607100
871000694
060000040
205906708
183754926
658239471
729418530
000070000

000040000
002607100
871000694
060000040
205906708
183754926
658239471
729418530
000070000

000040000
002607100
871000694
060000040
205906708
183754926
658239471
729418560
000070000

000040000
002607100
871000694
060000040
205906708
183754926
658239471
729418563
000070000

000040000
002607100
871000694
060000040
205906708
183754926
658239471
729418563
300070000

000040000
002607100
871000694
060000040
205906708
183754926
658239471
729418563
310070000

000040000
002607100
871000694
060000040
205906708
183754926
658239471
729418563
314070000

000040000
002607100
871000694
060000040
205906708
183754926
658239471
729418563
314570000

000040000
002607100
871000694
060000040
205906708
183754926
658239471
729418563
314570000

000040000
002607100
871000694
060000040
205906708
183754926
658239471
729418563
314070000

000040000
002607100
871000694
060000040
205906708
183754926
658239471
729418563
310070000

000040000
002607100
871000694
060000040
205906708
183754926
658239471
729418563
340070000

000040000
002607100
871000694
060000040
205906708
183754926
658239471
729418563
340070000

000040000
002607100
871000694
060000040
205906708
183754926
658239471
729418563
300070000

000040000
002607100
871000694
060000040
205906708
183754926
658239471
729418563
400070000

000040000
002607100
871000694
060000040
205906708
183754926
658239471
729418563
410070000

000040000
002607100
871000694
060000040
205906708
183754926
658239471
729418563
410070000

000040000
002607100
871000694
060000040
205906708
183754926
658239471
729418563
430070000

000040000
002607100
871000694
060000040
205906708
183754926
658239471
729418563
430070000

000040000
002607100
871000694
060000040
205906708
183754926
658239471
729418563
400070000

000040000
002607100
871000694
060000040
205906708
183754926
658239471
729418563
000070000

000040000
002607100
871000694
060000040
205906708
183754926
658239471
729418560
000070000

000040000
002607100
871000694
060000040
205906708
183754926
658239471
729418500
000070000

000040000
002607100
871000694
060000040
205906708
183754926
658239471
729468500
000070000

000040000
002607100
871000694
060000040
205906708
183754926
658239471
729468530
000070000

000040000
002607100
871000694
060000040
205906708
183754926
658239471
729468530
000070000

000040000
002607100
871000694
060000040
205906708
183754926
658239471
729468500
000070000

000040000
002607100
871000694
060000040
205906708
183754926
658239471
729408500
000070000

000040000
002607100
871000694
060000040
205906708
183754926
658239471
739408500
000070000

000040000
002607100
871000694
060000040
205906708
183754926
658239471
739418500
000070000

000040000
002607100
871000694
060000040
205906708
183754926
658239471
739418560
000070000

000040000
002607100
871000694
060000040
205906708
183754926
658239471
739418562
000070000

000040000
002607100
871000694
060000040
205906708
183754926
658239471
739418562
400070000

000040000
002607100
871000694
060000040
205906708
183754926
658239471
739418562
410070000

000040000
002607100
871000694
060000040
205906708
183754926
658239471
739418562
410070000

000040000
002607100
871000694
060000040
205906708
183754926
658239471
739418562
420070000

000040000
002607100
871000694
060000040
205906708
183754926
658239471
739418562
420070000

000040000
002607100
871000694
060000040
205906708
183754926
658239471
739418562
400070000

000040000
002607100
871000694
060000040
205906708
183754926
658239471
739418562
000070000

000040000
002607100
871000694
060000040
205906708
183754926
658239471
739418560
000070000

000040000
002607100
871000694
060000040
205906708
183754926
658239471
739418500
000070000

000040000
002607100
871000694
060000040
205906708
183754926
658239471
739468500
000070000

000040000
002607100
871000694
060000040
205906708
183754926
658239471
739468500
000070000

000040000
002607100
871000694
060000040
205906708
183754926
658239471
739408500
000070000

000040000
002607100
871000694
060000040
205906708
183754926
658239471
709408500
000070000

000040000
002607100
871000694
060000040
205906708
183754926
658239471
009408500
000070000

000040000
002607100
871000694
060000040
205906708
183754926
658230471
009408500
000070000

000040000
002607100
871000694
060000040
205906708
183754926
658290471
009408500
000070000

000040000
002607100
871000694
060000040
205906708
183754926
658293471
009408500
000070000

000040000
002607100
871000694
060000040
205906708
183754926
658293471
309408500
000070000

000040000
002607100
871000694
060000040
205906708
183754926
658293471
319408500
000070000

000040000
002607100
871000694
060000040
205906708
183754926
658293471
319468500
000070000

000040000
002607100
871000694
060000040
205906708
183754926
658293471
319468500
000070000

000040000
002607100
871000694
060000040
205906708
183754926
658293471
319408500
000070000

000040000
002607100
871000694
060000040
205906708
183754926
658293471
329408500
000070000

000040000
002607100
871000694
060000040
205906708
183754926
658293471
329418500
000070000

000040000
002607100
871000694
060000040
205906708
183754926
658293471
329418560
000070000

000040000
002607100
871000694
060000040
205906708
183754926
658293471
329418560
000070000

000040000
002607100
871000694
060000040
205906708
183754926
658293471
329418500
000070000

000040000
002607100
871000694
060000040
205906708
183754926
658293471
329468500
000070000

000040000
002607100
871000694
060000040
205906708
183754926
658293471
329468500
000070000

000040000
002607100
871000694
060000040
205906708
183754926
658293471
329408500
000070000

000040000
002607100
871000694
060000040
205906708
183754926
658293471
309408500
000070000

000040000
002607100
871000694
060000040
205906708
183754926
658293471
709408500
000070000

000040000
002607100
871000694
060000040
205906708
183754926
658293471
719408500
000070000

000040000
002607100
871000694
060000040
205906708
183754926
658293471
719468500
000070000

000040000
002607100
871000694
060000040
205906708
183754926
658293471
719468530
000070000

000040000
002607100
871000694
060000040
205906708
183754926
658293471
719468532
000070000

000040000
002607100
871000694
060000040
205906708
183754926
658293471
719468532
300070000

000040000
002607100
871000694
060000040
205906708
183754926
658293471
719468532
320070000

000040000
002607100
871000694
060000040
205906708
183754926
658293471
719468532
324070000

000040000
002607100
871000694
060000040
205906708
183754926
658293471
719468532
324170000

000040000
002607100
871000694
060000040
205906708
183754926
658293471
719468532
324175000

000040000
002607100
871000694
060000040
205906708
183754926
658293471
719468532
324175800

000040000
002607100
871000694
060000040
205906708
183754926
658293471
719468532
324175860

000040000
002607100
871000694
060000040
205906708
183754926
658293471
719468532
324175869

500040000
002607100
871000694
060000040
205906708
183754926
658293471
719468532
324175869

530040000
002607100
871000694
060000040
205906708
183754926
658293471
719468532
324175869

536040000
002607100
871000694
060000040
205906708
183754926
658293471
719468532
324175869

536840000
002607100
871000694
060000040
205906708
183754926
658293471
719468532
324175869

536841000
002607100
871000694
060000040
205906708
183754926
658293471
719468532
324175869

536841200
002607100
871000694
060000040
205906708
183754926
658293471
719468532
324175869

536841200
002607100
871000694
060000040
205906708
183754926
658293471
719468532
324175869

536841000
002607100
871000694
060000040
205906708
183754926
658293471
719468532
324175869

536842000
002607100
871000694
060000040
205906708
183754926
658293471
719468532
324175869

536842000
002607100
871000694
060000040
205906708
183754926
658293471
719468532
324175869

536849000
002607100
871000694
060000040
205906708
183754926
658293471
719468532
324175869

536849200
002607100
871000694
060000040
205906708
183754926
658293471
719468532
324175869

536849200
002607100
871000694
060000040
205906708
183754926
658293471
719468532
324175869

536849000
002607100
871000694
060000040
205906708
183754926
658293471
719468532
324175869

536840000
002607100
871000694
060000040
205906708
183754926
658293471
719468532
324175869

536040000
002607100
871000694
060000040
205906708
183754926
658293471
719468532
324175869

530040000
002607100
871000694
060000040
205906708
183754926
658293471
719468532
324175869

590040000
002607100
871000694
060000040
205906708
183754926
658293471
719468532
324175869

596040000
002607100
871000694
060000040
205906708
183754926
658293471
719468532
324175869

596340000
002607100
871000694
060000040
205906708
183754926
658293471
719468532
324175869

596341000
002607100
871000694
060000040
205906708
183754926
658293471
719468532
324175869

596341200
002607100
871000694
060000040
205906708
183754926
658293471
719468532
324175869

596341280
002607100
871000694
060000040
205906708
183754926
658293471
719468532
324175869

596341287
002607100
871000694
060000040
205906708
183754926
658293471
719468532
324175869

596341287
402607100
871000694
060000040
205906708
183754926
658293471
719468532
324175869

596341287
432607100
871000694
060000040
205906708
183754926
658293471
719468532
324175869

596341287
432687100
871000694
060000040
205906708
183754926
658293471
719468532
324175869

596341287
432687150
871000694
060000040
205906708
183754926
658293471
719468532
324175869

596341287
432687150
871000694
060000040
205906708
183754926
658293471
719468532
324175869

596341287
432687100
871000694
060000040
205906708
183754926
658293471
719468532
324175869

596341287
432607100
871000694
060000040
205906708
183754926
658293471
719468532
324175869

596341287
402607100
871000694
060000040
205906708
183754926
658293471
719468532
324175869

596341287
002607100
871000694
060000040
205906708
183754926
658293471
719468532
324175869

596341280
002607100
871000694
060000040
205906708
183754926
658293471
719468532
324175869

596341200
002607100
871000694
060000040
205906708
183754926
658293471
719468532
324175869

596341000
002607100
871000694
060000040
205906708
183754926
658293471
719468532
324175869

596342000
002607100
871000694
060000040
205906708
183754926
658293471
719468532
324175869

596342000
002607100
871000694
060000040
205906708
183754926
658293471
719468532
324175869

596340000
002607100
871000694
060000040
205906708
183754926
658293471
719468532
324175869

596840000
002607100
871000694
060000040
205906708
183754926
658293471
719468532
324175869

596841000
002607100
871000694
060000040
205906708
183754926
658293471
719468532
324175869

596841200
002607100
871000694
060000040
205906708
183754926
658293471
719468532
324175869

596841200
002607100
871000694
060000040
205906708
183754926
658293471
719468532
324175869

596841300
002607100
871000694
060000040
205906708
183754926
658293471
719468532
324175869

596841300
002607100
871000694
060000040
205906708
183754926
658293471
719468532
324175869

596841000
002607100
871000694
060000040
205906708
183754926
658293471
719468532
324175869

596842000
002607100
871000694
060000040
205906708
183754926
658293471
719468532
324175869

596842300
002607100
871000694
060000040
205906708
183754926
658293471
719468532
324175869

596842300
002607100
871000694
060000040
205906708
183754926
658293471
719468532
324175869

596842000
002607100
871000694
060000040
205906708
183754926
658293471
719468532
324175869

596840000
002607100
871000694
060000040
205906708
183754926
658293471
719468532
324175869

596040000
002607100
871000694
060000040
205906708
183754926
658293471
719468532
324175869

590040000
002607100
871000694
060000040
205906708
183754926
658293471
719468532
324175869

500040000
002607100
871000694
060000040
205906708
183754926
658293471
719468532
324175869

900040000
002607100
871000694
060000040
205906708
183754926
658293471
719468532
324175869

930040000
002607100
871000694
060000040
205906708
183754926
658293471
719468532
324175869

936040000
002607100
871000694
060000040
205906708
183754926
658293471
719468532
324175869

936540000
002607100
871000694
060000040
205906708
183754926
658293471
719468532
324175869

936541000
002607100
871000694
060000040
205906708
183754926
658293471
719468532
324175869

936541200
002607100
871000694
060000040
205906708
183754926
658293471
719468532
324175869

936541280
002607100
871000694
060000040
205906708
183754926
658293471
719468532
324175869

936541287
002607100
871000694
060000040
205906708
183754926
658293471
719468532
324175869

936541287
402607100
871000694
060000040
205906708
183754926
658293471
719468532
324175869

936541287
402607100
871000694
060000040
205906708
183754926
658293471
719468532
324175869

936541287
502607100
871000694
060000040
205906708
183754926
658293471
719468532
324175869

936541287
542607100
871000694
060000040
205906708
183754926
658293471
719468532
324175869

936541287
542637100
871000694
060000040
205906708
183754926
658293471
719468532
324175869

936541287
542637100
871000694
060000040
205906708
183754926
658293471
719468532
324175869

936541287
542687100
871000694
060000040
205906708
183754926
658293471
719468532
324175869

936541287
542687100
871000694
060000040
205906708
183754926
658293471
719468532
324175869

936541287
542607100
871000694
060000040
205906708
183754926
658293471
719468532
324175869

936541287
502607100
871000694
060000040
205906708
183754926
658293471
719468532
324175869

936541287
002607100
871000694
060000040
205906708
183754926
658293471
719468532
324175869

936541280
002607100
871000694
060000040
205906708
183754926
658293471
719468532
324175869

936541200
002607100
871000694
060000040
205906708
183754926
658293471
719468532
324175869

936541000
002607100
871000694
060000040
205906708
183754926
658293471
719468532
324175869

936542000
002607100
871000694
060000040
205906708
183754926
658293471
719468532
324175869

936542000
002607100
871000694
060000040
205906708
183754926
658293471
719468532
324175869

936540000
002607100
871000694
060000040
205906708
183754926
658293471
719468532
324175869

936840000
002607100
871000694
060000040
205906708
183754926
658293471
719468532
324175869

936841000
002607100
871000694
060000040
205906708
183754926
658293471
719468532
324175869

936841200
002607100
871000694
060000040
205906708
183754926
658293471
719468532
324175869

936841250
002607100
871000694
060000040
205906708
183754926
658293471
719468532
324175869

936841257
002607100
871000694
060000040
205906708
183754926
658293471
719468532
324175869

936841257
402607100
871000694
060000040
205906708
183754926
658293471
719468532
324175869

936841257
402607100
871000694
060000040
205906708
183754926
658293471
719468532
324175869

936841257
502607100
871000694
060000040
205906708
183754926
658293471
719468532
324175869

936841257
542607100
871000694
060000040
205906708
183754926
658293471
719468532
324175869

936841257
542637100
871000694
060000040
205906708
183754926
658293471
719468532
324175869

936841257
542637180
871000694
060000040
205906708
183754926
658293471
719468532
324175869

936841257
542637180
871000694
060000040
205906708
183754926
658293471
719468532
324175869

936841257
542637100
871000694
060000040
205906708
183754926
658293471
719468532
324175869

936841257
542607100
871000694
060000040
205906708
183754926
658293471
719468532
324175869

936841257
502607100
871000694
060000040
205906708
183754926
658293471
719468532
324175869

936841257
002607100
871000694
060000040
205906708
183754926
658293471
719468532
324175869

936841250
002607100
871000694
060000040
205906708
183754926
658293471
719468532
324175869

936841200
002607100
871000694
060000040
205906708
183754926
658293471
719468532
324175869

936841000
002607100
871000694
060000040
205906708
183754926
658293471
719468532
324175869

936842000
002607100
871000694
060000040
205906708
183754926
658293471
719468532
324175869

936842000
002607100
871000694
060000040
205906708
183754926
658293471
719468532
324175869

936840000
002607100
871000694
060000040
205906708
183754926
658293471
719468532
324175869

936040000
002607100
871000694
060000040
205906708
183754926
658293471
719468532
324175869

930040000
002607100
871000694
060000040
205906708
183754926
658293471
719468532
324175869

900040000
002607100
871000694
060000040
205906708
183754926
658293471
719468532
324175869

000040000
002607100
871000694
060000040
205906708
183754926
658293471
719468532
324175869

000040000
002607100
871000694
060000040
205906708
183754926
658293471
719468532
324175860

000040000
002607100
871000694
060000040
205906708
183754926
658293471
719468532
324175800

000040000
002607100
871000694
060000040
205906708
183754926
658293471
719468532
324175000

000040000
002607100
871000694
060000040
205906708
183754926
658293471
719468532
324170000

000040000
002607100
871000694
060000040
205906708
183754926
658293471
719468532
324570000

000040000
002607100
871000694
060000040
205906708
183754926
658293471
719468532
324571000

000040000
002607100
871000694
060000040
205906708
183754926
658293471
719468532
324571800

000040000
002607100
871000694
060000040
205906708
183754926
658293471
719468532
324571860

000040000
002607100
871000694
060000040
205906708
183754926
658293471
719468532
324571869

500040000
002607100
871000694
060000040
205906708
183754926
658293471
719468532
324571869

530040000
002607100
871000694
060000040
205906708
183754926
658293471
719468532
324571869

536040000
002607100
871000694
060000040
205906708
183754926
658293471
719468532
324571869

536140000
002607100
871000694
060000040
205906708
183754926
658293471
719468532
324571869

536142000
002607100
871000694
060000040
205906708
183754926
658293471
719468532
324571869

536142000
002607100
871000694
060000040
205906708
183754926
658293471
719468532
324571869

536149000
002607100
871000694
060000040
205906708
183754926
658293471
719468532
324571869

536149200
002607100
871000694
060000040
205906708
183754926
658293471
719468532
324571869

536149280
002607100
871000694
060000040
205906708
183754926
658293471
719468532
324571869

536149287
002607100
871000694
060000040
205906708
183754926
658293471
719468532
324571869

536149287
402607100
871000694
060000040
205906708
183754926
658293471
719468532
324571869

536149287
492607100
871000694
060000040
205906708
183754926
658293471
719468532
324571869

536149287
492637100
871000694
060000040
205906708
183754926
658293471
719468532
324571869

536149287
492637150
871000694
060000040
205906708
183754926
658293471
719468532
324571869

536149287
492637150
871000694
060000040
205906708
183754926
658293471
719468532
324571869

536149287
492637100
871000694
060000040
205906708
183754926
658293471
719468532
324571869

536149287
492687100
871000694
060000040
205906708
183754926
658293471
719468532
324571869

536149287
492687150
871000694
060000040
205906708
183754926
658293471
719468532
324571869

536149287
492687153
871000694
060000040
205906708
183754926
658293471
719468532
324571869

