000040000
002607100
871000694
060000040
205906708
080000020
658000471
009408500
010070000

000040000
002607100
871000694
060000040
205906708
080000020
658000471
009408500
013070000

000040000
002607100
871000694
060000040
205906708
080000020
658000471
009408500
013270000

000040000
002607100
871000694
060000040
205906708
080000020
658000471
009408500
013275000

000040000
002607100
871000694
060000040
205906708
080000020
658000471
009408500
013275800

000040000
002607100
871000694
060000040
205906708
080000020
658000471
009408500
013275860

000040000
002607100
871000694
060000040
205906708
080000020
658000471
009408500
013275869

300040000
002607100
871000694
060000040
205906708
080000020
658000471
009408500
013275869

390040000
002607100
871000694
060000040
205906708
080000020
658000471
009408500
013275869

396040000
002607100
871000694
060000040
205906708
080000020
658000471
009408500
013275869

396140000
002607100
871000694
060000040
205906708
080000020
658000471
009408500
013275869

396142000
002607100
871000694
060000040
205906708
080000020
658000471
009408500
013275869

396142000
002607100
871000694
060000040
205906708
080000020
658000471
009408500
013275869

396140000
002607100
871000694
060000040
205906708
080000020
658000471
009408500
013275869

396540000
002607100
871000694
060000040
205906708
080000020
658000471
009408500
013275869

396541000
002607100
871000694
060000040
205906708
080000020
658000471
009408500
013275869

396541200
002607100
871000694
060000040
205906708
080000020
658000471
009408500
013275869

396541280
002607100
871000694
060000040
205906708
080000020
658000471
009408500
013275869

396541287
002607100
871000694
060000040
205906708
080000020
658000471
009408500
013275869

396541287
402607100
871000694
060000040
205906708
080000020
658000471
009408500
013275869

396541287
402607100
871000694
060000040
205906708
080000020
658000471
009408500
013275869

396541287
502607100
871000694
060000040
205906708
080000020
658000471
009408500
013275869

396541287
542607100
871000694
060000040
205906708
080000020
658000471
009408500
013275869

396541287
542637100
871000694
060000040
205906708
080000020
658000471
009408500
013275869

396541287
542637100
871000694
060000040
205906708
080000020
658000471
009408500
013275869

396541287
542687100
871000694
060000040
205906708
080000020
658000471
009408500
013275869

396541287
542687130
871000694
060000040
205906708
080000020
658000471
009408500
013275869

396541287
542687130
871000694
060000040
205906708
080000020
658000471
009408500
013275869

396541287
542687100
871000694
060000040
205906708
080000020
658000471
009408500
013275869

396541287
542697100
871000694
060000040
205906708
080000020
658000471
009408500
013275869

396541287
542697130
871000694
060000040
205906708
080000020
658000471
009408500
013275869

396541287
542697130
871000694
060000040
205906708
080000020
658000471
009408500
013275869

396541287
542697100
871000694
060000040
205906708
080000020
658000471
009408500
013275869

396541287
542607100
871000694
060000040
205906708
080000020
658000471
009408500
013275869

396541287
502607100
871000694
060000040
205906708
080000020
658000471
009408500
013275869

396541287
002607100
871000694
060000040
205906708
080000020
658000471
009408500
013275869

396541280
002607100
871000694
060000040
205906708
080000020
658000471
009408500
013275869

396541200
002607100
871000694
060000040
205906708
080000020
658000471
009408500
013275869

396541000
002607100
871000694
060000040
205906708
080000020
658000471
009408500
013275869

396542000
002607100
871000694
060000040
205906708
080000020
658000471
009408500
013275869

396542000
002607100
871000694
060000040
205906708
080000020
658000471
009408500
013275869

396540000
002607100
871000694
060000040
205906708
080000020
658000471
009408500
013275869

396840000
002607100
871000694
060000040
205906708
080000020
658000471
009408500
013275869

396841000
002607100
871000694
060000040
205906708
080000020
658000471
009408500
013275869

396841200
002607100
871000694
060000040
205906708
080000020
658000471
009408500
013275869

396841250
002607100
871000694
060000040
205906708
080000020
658000471
009408500
013275869

396841257
002607100
871000694
060000040
205906708
080000020
658000471
009408500
013275869

396841257
402607100
871000694
060000040
205906708
080000020
658000471
009408500
013275869

396841257
402607100
871000694
060000040
205906708
080000020
658000471
009408500
013275869

396841257
502607100
871000694
060000040
205906708
080000020
658000471
009408500
013275869

396841257
542607100
871000694
060000040
205906708
080000020
658000471
009408500
013275869

396841257
542637100
871000694
060000040
205906708
080000020
658000471
009408500
013275869

396841257
542637180
871000694
060000040
205906708
080000020
658000471
009408500
013275869

396841257
542637180
871000694
060000040
205906708
080000020
658000471
009408500
013275869

396841257
542637100
871000694
060000040
205906708
080000020
658000471
009408500
013275869

396841257
542697100
871000694
060000040
205906708
080000020
658000471
009408500
013275869

396841257
542697130
871000694
060000040
205906708
080000020
658000471
009408500
013275869

396841257
542697130
871000694
060000040
205906708
080000020
658000471
009408500
013275869

396841257
542697180
871000694
060000040
205906708
080000020
658000471
009408500
013275869

396841257
542697183
871000694
060000040
205906708
080000020
658000471
009408500
013275869

396841257
542697183
871300694
060000040
205906708
080000020
658000471
009408500
013275869

396841257
542697183
871320694
060000040
205906708
080000020
658000471
009408500
013275869

396841257
542697183
871320694
060000040
205906708
080000020
658000471
009408500
013275869

396841257
542697183
871350694
060000040
205906708
080000020
658000471
009408500
013275869

396841257
542697183
871352694
060000040
205906708
080000020
658000471
009408500
013275869

396841257
542697183
871352694
160000040
205906708
080000020
658000471
009408500
013275869

396841257
542697183
871352694
167000040
205906708
080000020
658000471
009408500
013275869

396841257
542697183
871352694
167500040
205906708
080000020
658000471
009408500
013275869

396841257
542697183
871352694
167520040
205906708
080000020
658000471
009408500
013275869

396841257
542697183
871352694
167523040
205906708
080000020
658000471
009408500
013275869

396841257
542697183
871352694
167523940
205906708
080000020
658000471
009408500
013275869

396841257
542697183
871352694
167523940
205906708
080000020
658000471
009408500
013275869

396841257
542697183
871352694
167523040
205906708
080000020
658000471
009408500
013275869

396841257
542697183
871352694
167520040
205906708
080000020
658000471
009408500
013275869

396841257
542697183
871352694
167530040
205906708
080000020
658000471
009408500
013275869

396841257
542697183
871352694
167530040
205906708
080000020
658000471
009408500
013275869

396841257
542697183
871352694
167580040
205906708
080000020
658000471
009408500
013275869

396841257
542697183
871352694
167583040
205906708
080000020
658000471
009408500
013275869

396841257
542697183
871352694
167583940
205906708
080000020
658000471
009408500
013275869

396841257
542697183
871352694
167583940
205906708
080000020
658000471
009408500
013275869

396841257
542697183
871352694
167583040
205906708
080000020
658000471
009408500
013275869

396841257
542697183
871352694
167580040
205906708
080000020
658000471
009408500
013275869

396841257
542697183
871352694
167500040
205906708
080000020
658000471
009408500
013275869

396841257
542697183
871352694
167000040
205906708
080000020
658000471
009408500
013275869

396841257
542697183
871352694
160000040
205906708
080000020
658000471
009408500
013275869

396841257
542697183
871352694
760000040
205906708
080000020
658000471
009408500
013275869

396841257
542697183
871352694
760000040
205906708
080000020
658000471
009408500
013275869

396841257
542697183
871352694
960000040
205906708
080000020
658000471
009408500
013275869

396841257
542697183
871352694
967000040
205906708
080000020
658000471
009408500
013275869

396841257
542697183
871352694
967100040
205906708
080000020
658000471
009408500
013275869

396841257
542697183
871352694
967120040
205906708
080000020
658000471
009408500
013275869

396841257
542697183
871352694
967123040
205906708
080000020
658000471
009408500
013275869

396841257
542697183
871352694
967123040
205906708
080000020
658000471
009408500
013275869

396841257
542697183
871352694
967120040
205906708
080000020
658000471
009408500
013275869

396841257
542697183
871352694
967130040
205906708
080000020
658000471
009408500
013275869

396841257
542697183
871352694
967130040
205906708
080000020
658000471
009408500
013275869

396841257
542697183
871352694
967180040
205906708
080000020
658000471
009408500
013275869

396841257
542697183
871352694
967183040
205906708
080000020
658000471
009408500
013275869

396841257
542697183
871352694
967183040
205906708
080000020
658000471
009408500
013275869

396841257
542697183
871352694
967180040
205906708
080000020
658000471
009408500
013275869

396841257
542697183
871352694
967100040
205906708
080000020
658000471
009408500
013275869

396841257
542697183
871352694
967500040
205906708
080000020
658000471
009408500
013275869

396841257
542697183
871352694
967510040
205906708
080000020
658000471
009408500
013275869

396841257
542697183
871352694
967513040
205906708
080000020
658000471
009408500
013275869

396841257
542697183
871352694
967513040
205906708
080000020
658000471
009408500
013275869

396841257
542697183
871352694
967510040
205906708
080000020
658000471
009408500
013275869

396841257
542697183
871352694
967520040
205906708
080000020
658000471
009408500
013275869

396841257
542697183
871352694
967523040
205906708
080000020
658000471
009408500
013275869

396841257
542697183
871352694
967523040
205906708
080000020
658000471
009408500
013275869

396841257
542697183
871352694
967520040
205906708
080000020
658000471
009408500
013275869

396841257
542697183
871352694
967530040
205906708
080000020
658000471
009408500
013275869

396841257
542697183
871352694
967530040
205906708
080000020
658000471
009408500
013275869

396841257
542697183
871352694
967580040
205906708
080000020
658000471
009408500
013275869

396841257
542697183
871352694
967583040
205906708
080000020
658000471
009408500
013275869

396841257
542697183
871352694
967583040
205906708
080000020
658000471
009408500
013275869

396841257
542697183
871352694
967580040
205906708
080000020
658000471
009408500
013275869

396841257
542697183
871352694
967500040
205906708
080000020
658000471
009408500
013275869

396841257
542697183
871352694
967000040
205906708
080000020
658000471
009408500
013275869

396841257
542697183
871352694
960000040
205906708
080000020
658000471
009408500
013275869

396841257
542697183
871352694
060000040
205906708
080000020
658000471
009408500
013275869

396841257
542697183
871350694
060000040
205906708
080000020
658000471
009408500
013275869

396841257
542697183
871300694
060000040
205906708
080000020
658000471
009408500
013275869

396841257
542697183
871500694
060000040
205906708
080000020
658000471
009408500
013275869

396841257
542697183
871520694
060000040
205906708
080000020
658000471
009408500
013275869

396841257
542697183
871523694
060000040
205906708
080000020
658000471
009408500
013275869

396841257
542697183
871523694
160000040
205906708
080000020
658000471
009408500
013275869

396841257
542697183
871523694
167000040
205906708
080000020
658000471
009408500
013275869

396841257
542697183
871523694
167300040
205906708
080000020
658000471
009408500
013275869

396841257
542697183
871523694
167350040
205906708
080000020
658000471
009408500
013275869

396841257
542697183
871523694
167352040
205906708
080000020
658000471
009408500
013275869

396841257
542697183
871523694
167352940
205906708
080000020
658000471
009408500
013275869

396841257
542697183
871523694
167352940
205906708
080000020
658000471
009408500
013275869

396841257
542697183
871523694
167352040
205906708
080000020
658000471
009408500
013275869

396841257
542697183
871523694
167350040
205906708
080000020
658000471
009408500
013275869

396841257
542697183
871523694
167380040
205906708
080000020
658000471
009408500
013275869

396841257
542697183
871523694
167382040
205906708
080000020
658000471
009408500
013275869

396841257
542697183
871523694
167382940
205906708
080000020
658000471
009408500
013275869

396841257
542697183
871523694
167382945
205906708
080000020
658000471
009408500
013275869

396841257
542697183
871523694
167382945
235906708
080000020
658000471
009408500
013275869

396841257
542697183
871523694
167382945
235916708
080000020
658000471
009408500
013275869

396841257
542697183
871523694
167382945
235916708
080000020
658000471
009408500
013275869

396841257
542697183
871523694
167382945
235906708
080000020
658000471
009408500
013275869

396841257
542697183
871523694
167382945
205906708
080000020
658000471
009408500
013275869

396841257
542697183
871523694
167382940
205906708
080000020
658000471
009408500
013275869

396841257
542697183
871523694
167382040
205906708
080000020
658000471
009408500
013275869

396841257
542697183
871523694
167380040
205906708
080000020
658000471
009408500
013275869

396841257
542697183
871523694
167300040
205906708
080000020
658000471
009408500
013275869

396841257
542697183
871523694
167000040
205906708
080000020
658000471
009408500
013275869

396841257
542697183
871523694
160000040
205906708
080000020
658000471
009408500
013275869

396841257
542697183
871523694
760000040
205906708
080000020
658000471
009408500
013275869

396841257
542697183
871523694
760000040
205906708
080000020
658000471
009408500
013275869

396841257
542697183
871523694
960000040
205906708
080000020
658000471
009408500
013275869

396841257
542697183
871523694
967000040
205906708
080000020
658000471
009408500
013275869

396841257
542697183
871523694
967100040
205906708
080000020
658000471
009408500
013275869

396841257
542697183
871523694
967130040
205906708
080000020
658000471
009408500
013275869

396841257
542697183
871523694
967132040
205906708
080000020
658000471
009408500
013275869

396841257
542697183
871523694
967132040
205906708
080000020
658000471
009408500
013275869

396841257
542697183
871523694
967130040
205906708
080000020
658000471
009408500
013275869

396841257
542697183
871523694
967150040
205906708
080000020
658000471
009408500
013275869

396841257
542697183
871523694
967152040
205906708
080000020
658000471
009408500
013275869

396841257
542697183
871523694
967152340
205906708
080000020
658000471
009408500
013275869

396841257
542697183
871523694
967152340
205906708
080000020
658000471
009408500
013275869

396841257
542697183
871523694
967152040
205906708
080000020
658000471
009408500
013275869

396841257
542697183
871523694
967150040
205906708
080000020
658000471
009408500
013275869

396841257
542697183
871523694
967180040
205906708
080000020
658000471
009408500
013275869

396841257
542697183
871523694
967182040
205906708
080000020
658000471
009408500
013275869

396841257
542697183
871523694
967182340
205906708
080000020
658000471
009408500
013275869

396841257
542697183
871523694
967182345
205906708
080000020
658000471
009408500
013275869

396841257
542697183
871523694
967182345
235906708
080000020
658000471
009408500
013275869

396841257
542697183
871523694
967182345
235906708
080000020
658000471
009408500
013275869

396841257
542697183
871523694
967182345
205906708
080000020
658000471
009408500
013275869

396841257
542697183
871523694
967182340
205906708
080000020
658000471
009408500
013275869

396841257
542697183
871523694
967182040
205906708
080000020
658000471
009408500
013275869

396841257
542697183
871523694
967180040
205906708
080000020
658000471
009408500
013275869

396841257
542697183
871523694
967100040
205906708
080000020
658000471
009408500
013275869

396841257
542697183
871523694
967300040
205906708
080000020
658000471
009408500
013275869

396841257
542697183
871523694
967310040
205906708
080000020
658000471
009408500
013275869

396841257
542697183
871523694
967312040
205906708
080000020
658000471
009408500
013275869

396841257
542697183
871523694
967312040
205906708
080000020
658000471
009408500
013275869

396841257
542697183
871523694
967310040
205906708
080000020
658000471
009408500
013275869

396841257
542697183
871523694
967350040
205906708
080000020
658000471
009408500
013275869

396841257
542697183
871523694
967352040
205906708
080000020
658000471
009408500
013275869

396841257
542697183
871523694
967352040
205906708
080000020
658000471
009408500
013275869

396841257
542697183
871523694
967350040
205906708
080000020
658000471
009408500
013275869

396841257
542697183
871523694
967380040
205906708
080000020
658000471
009408500
013275869

396841257
542697183
871523694
967382040
205906708
080000020
658000471
009408500
013275869

396841257
542697183
871523694
967382040
205906708
080000020
658000471
009408500
013275869

396841257
542697183
871523694
967380040
205906708
080000020
658000471
009408500
013275869

396841257
542697183
871523694
967300040
205906708
080000020
658000471
009408500
013275869

396841257
542697183
871523694
967000040
205906708
080000020
658000471
009408500
013275869

396841257
542697183
871523694
960000040
205906708
080000020
658000471
009408500
013275869

396841257
542697183
871523694
060000040
205906708
080000020
658000471
009408500
013275869

396841257
542697183
871520694
060000040
205906708
080000020
658000471
009408500
013275869

396841257
542697183
871530694
060000040
205906708
080000020
658000471
009408500
013275869

396841257
542697183
871532694
060000040
205906708
080000020
658000471
009408500
013275869

396841257
542697183
871532694
160000040
205906708
080000020
658000471
009408500
013275869

396841257
542697183
871532694
167000040
205906708
080000020
658000471
009408500
013275869

396841257
542697183
871532694
167300040
205906708
080000020
658000471
009408500
013275869

396841257
542697183
871532694
167320040
205906708
080000020
658000471
009408500
013275869

396841257
542697183
871532694
167320040
205906708
080000020
658000471
009408500
013275869

396841257
542697183
871532694
167350040
205906708
080000020
658000471
009408500
013275869

396841257
542697183
871532694
167350040
205906708
080000020
658000471
009408500
013275869

396841257
542697183
871532694
167380040
205906708
080000020
658000471
009408500
013275869

396841257
542697183
871532694
167380040
205906708
080000020
658000471
009408500
013275869

396841257
542697183
871532694
167300040
205906708
080000020
658000471
009408500
013275869

396841257
542697183
871532694
167000040
205906708
080000020
658000471
009408500
013275869

396841257
542697183
871532694
160000040
205906708
080000020
658000471
009408500
013275869

396841257
542697183
871532694
760000040
205906708
080000020
658000471
009408500
013275869

396841257
542697183
871532694
760000040
205906708
080000020
658000471
009408500
013275869

396841257
542697183
871532694
960000040
205906708
080000020
658000471
009408500
013275869

396841257
542697183
871532694
967000040
205906708
080000020
658000471
009408500
013275869

396841257
542697183
871532694
967100040
205906708
080000020
658000471
009408500
013275869

396841257
542697183
871532694
967120040
205906708
080000020
658000471
009408500
013275869

396841257
542697183
871532694
967123040
205906708
080000020
658000471
009408500
013275869

396841257
542697183
871532694
967123040
205906708
080000020
658000471
009408500
013275869

396841257
542697183
871532694
967120040
205906708
080000020
658000471
009408500
013275869

396841257
542697183
871532694
967150040
205906708
080000020
658000471
009408500
013275869

396841257
542697183
871532694
967153040
205906708
080000020
658000471
009408500
013275869

396841257
542697183
871532694
967153040
205906708
080000020
658000471
009408500
013275869

396841257
542697183
871532694
967150040
205906708
080000020
658000471
009408500
013275869

396841257
542697183
871532694
967180040
205906708
080000020
658000471
009408500
013275869

396841257
542697183
871532694
967183040
205906708
080000020
658000471
009408500
013275869

396841257
542697183
871532694
967183040
205906708
080000020
658000471
009408500
013275869

396841257
542697183
871532694
967180040
205906708
080000020
658000471
009408500
013275869

396841257
542697183
871532694
967100040
205906708
080000020
658000471
009408500
013275869

396841257
542697183
871532694
967300040
205906708
080000020
658000471
009408500
013275869

396841257
542697183
871532694
967310040
205906708
080000020
658000471
009408500
013275869

396841257
542697183
871532694
967310040
205906708
080000020
658000471
009408500
013275869

396841257
542697183
871532694
967320040
205906708
080000020
658000471
009408500
013275869

396841257
542697183
871532694
967320040
205906708
080000020
658000471
009408500
013275869

396841257
542697183
871532694
967350040
205906708
080000020
658000471
009408500
013275869

396841257
542697183
871532694
967350040
205906708
080000020
658000471
009408500
013275869

396841257
542697183
871532694
967380040
205906708
080000020
658000471
009408500
013275869

396841257
542697183
871532694
967380040
205906708
080000020
658000471
009408500
013275869

396841257
542697183
871532694
967300040
205906708
080000020
658000471
009408500
013275869

396841257
542697183
871532694
967000040
205906708
080000020
658000471
009408500
013275869

396841257
542697183
871532694
960000040
205906708
080000020
658000471
009408500
013275869

396841257
542697183
871532694
060000040
205906708
080000020
658000471
009408500
013275869

396841257
542697183
871530694
060000040
205906708
080000020
658000471
009408500
013275869

396841257
542697183
871500694
060000040
205906708
080000020
658000471
009408500
013275869

396841257
542697183
871000694
060000040
205906708
080000020
658000471
009408500
013275869

396841257
542697180
871000694
060000040
205906708
080000020
658000471
009408500
013275869

396841257
542697100
871000694
060000040
205906708
080000020
658000471
009408500
013275869

396841257
542607100
871000694
060000040
205906708
080000020
658000471
009408500
013275869

396841257
502607100
871000694
060000040
205906708
080000020
658000471
009408500
013275869

396841257
002607100
871000694
060000040
205906708
080000020
658000471
009408500
013275869

396841250
002607100
871000694
060000040
205906708
080000020
658000471
009408500
013275869

396841200
002607100
871000694
060000040
205906708
080000020
658000471
009408500
013275869

396841000
002607100
871000694
060000040
205906708
080000020
658000471
009408500
013275869

396842000
002607100
871000694
060000040
205906708
080000020
658000471
009408500
013275869

396842000
002607100
871000694
060000040
205906708
080000020
658000471
009408500
013275869

396840000
002607100
871000694
060000040
205906708
080000020
658000471
009408500
013275869

396040000
002607100
871000694
060000040
205906708
080000020
658000471
009408500
013275869

390040000
002607100
871000694
060000040
205906708
080000020
658000471
009408500
013275869

300040000
002607100
871000694
060000040
205906708
080000020
658000471
009408500
013275869

500040000
002607100
871000694
060000040
205906708
080000020
658000471
009408500
013275869

530040000
002607100
871000694
060000040
205906708
080000020
658000471
009408500
013275869

536040000
002607100
871000694
060000040
205906708
080000020
658000471
009408500
013275869

536140000
002607100
871000694
060000040
205906708
080000020
658000471
009408500
013275869

536142000
002607100
871000694
060000040
205906708
080000020
658000471
009408500
013275869

536142000
002607100
871000694
060000040
205906708
080000020
658000471
009408500
013275869

536149000
002607100
871000694
060000040
205906708
080000020
658000471
009408500
013275869

536149200
002607100
871000694
060000040
205906708
080000020
658000471
009408500
013275869

536149280
002607100
871000694
060000040
205906708
080000020
658000471
009408500
013275869

536149287
002607100
871000694
060000040
205906708
080000020
658000471
009408500
013275869

536149287
402607100
871000694
060000040
205906708
080000020
658000471
009408500
013275869

536149287
492607100
871000694
060000040
205906708
080000020
658000471
009408500
013275869

536149287
492637100
871000694
060000040
205906708
080000020
658000471
009408500
013275869

536149287
492637150
871000694
060000040
205906708
080000020
658000471
009408500
013275869

536149287
492637150
871000694
060000040
205906708
080000020
658000471
009408500
013275869

536149287
492637100
871000694
060000040
205906708
080000020
658000471
009408500
013275869

536149287
492657100
871000694
060000040
205906708
080000020
658000471
009408500
013275869

536149287
492657130
871000694
060000040
205906708
080000020
658000471
009408500
013275869

536149287
492657130
871000694
060000040
205906708
080000020
658000471
009408500
013275869

536149287
492657100
871000694
060000040
205906708
080000020
658000471
009408500
013275869

536149287
492687100
871000694
060000040
205906708
080000020
658000471
009408500
013275869

536149287
492687130
871000694
060000040
205906708
080000020
658000471
009408500
013275869

536149287
492687135
871000694
060000040
205906708
080000020
658000471
009408500
013275869

536149287
492687135
871300694
060000040
205906708
080000020
658000471
009408500
013275869

536149287
492687135
871320694
060000040
205906708
080000020
658000471
009408500
013275869

536149287
492687135
871320694
060000040
205906708
080000020
658000471
009408500
013275869

536149287
492687135
871350694
060000040
205906708
080000020
658000471
009408500
013275869

536149287
492687135
871352694
060000040
205906708
080000020
658000471
009408500
013275869

536149287
492687135
871352694
160000040
205906708
080000020
658000471
009408500
013275869

536149287
492687135
871352694
167000040
205906708
080000020
658000471
009408500
013275869

536149287
492687135
871352694
167500040
205906708
080000020
658000471
009408500
013275869

536149287
492687135
871352694
167520040
205906708
080000020
658000471
009408500
013275869

536149287
492687135
871352694
167523040
205906708
080000020
658000471
009408500
013275869

536149287
492687135
871352694
167523940
205906708
080000020
658000471
009408500
013275869

536149287
492687135
871352694
167523940
205906708
080000020
658000471
009408500
013275869

536149287
492687135
871352694
167523040
205906708
080000020
658000471
009408500
013275869

536149287
492687135
871352694
167520040
205906708
080000020
658000471
009408500
013275869

536149287
492687135
871352694
167530040
205906708
080000020
658000471
009408500
013275869

536149287
492687135
871352694
167530040
205906708
080000020
658000471
009408500
013275869

536149287
492687135
871352694
167500040
205906708
080000020
658000471
009408500
013275869

536149287
492687135
871352694
167800040
205906708
080000020
658000471
009408500
013275869

536149287
492687135
871352694
167820040
205906708
080000020
658000471
009408500
013275869

536149287
492687135
871352694
167823040
205906708
080000020
658000471
009408500
013275869

536149287
492687135
871352694
167823940
205906708
080000020
658000471
009408500
013275869

536149287
492687135
871352694
167823940
205906708
080000020
658000471
009408500
013275869

536149287
492687135
871352694
167823040
205906708
080000020
658000471
009408500
013275869

536149287
492687135
871352694
167820040
205906708
080000020
658000471
009408500
013275869

536149287
492687135
871352694
167830040
205906708
080000020
658000471
009408500
013275869

536149287
492687135
871352694
167830040
205906708
080000020
658000471
009408500
013275869

536149287
492687135
871352694
167800040
205906708
080000020
658000471
009408500
013275869

536149287
492687135
871352694
167000040
205906708
080000020
658000471
009408500
013275869

536149287
492687135
871352694
160000040
205906708
080000020
658000471
009408500
013275869

536149287
492687135
871352694
360000040
205906708
080000020
658000471
009408500
013275869

536149287
492687135
871352694
367000040
205906708
080000020
658000471
009408500
013275869

536149287
492687135
871352694
367500040
205906708
080000020
658000471
009408500
013275869

536149287
492687135
871352694
367510040
205906708
080000020
658000471
009408500
013275869

536149287
492687135
871352694
367510040
205906708
080000020
658000471
009408500
013275869

536149287
492687135
871352694
367520040
205906708
080000020
658000471
009408500
013275869

536149287
492687135
871352694
367521040
205906708
080000020
658000471
009408500
013275869

536149287
492687135
871352694
367521940
205906708
080000020
658000471
009408500
013275869

536149287
492687135
871352694
367521940
205906708
080000020
658000471
009408500
013275869

536149287
492687135
871352694
367521040
205906708
080000020
658000471
009408500
013275869

536149287
492687135
871352694
367520040
205906708
080000020
658000471
009408500
013275869

536149287
492687135
871352694
367500040
205906708
080000020
658000471
009408500
013275869

536149287
492687135
871352694
367800040
205906708
080000020
658000471
009408500
013275869

536149287
492687135
871352694
367810040
205906708
080000020
658000471
009408500
013275869

536149287
492687135
871352694
367810040
205906708
080000020
658000471
009408500
013275869

536149287
492687135
871352694
367820040
205906708
080000020
658000471
009408500
013275869

536149287
492687135
871352694
367821040
205906708
080000020
658000471
009408500
013275869

536149287
492687135
871352694
367821940
205906708
080000020
658000471
009408500
013275869

536149287
492687135
871352694
367821940
205906708
080000020
658000471
009408500
013275869

536149287
492687135
871352694
367821040
205906708
080000020
658000471
009408500
013275869

536149287
492687135
871352694
367820040
205906708
080000020
658000471
009408500
013275869

536149287
492687135
871352694
367800040
205906708
080000020
658000471
009408500
013275869

536149287
492687135
871352694
367000040
205906708
080000020
658000471
009408500
013275869

536149287
492687135
871352694
360000040
205906708
080000020
658000471
009408500
013275869

536149287
492687135
871352694
760000040
205906708
080000020
658000471
009408500
013275869

536149287
492687135
871352694
760000040
205906708
080000020
658000471
009408500
013275869

536149287
492687135
871352694
960000040
205906708
080000020
658000471
009408500
013275869

536149287
492687135
871352694
967000040
205906708
080000020
658000471
009408500
013275869

536149287
492687135
871352694
967500040
205906708
080000020
658000471
009408500
013275869

536149287
492687135
871352694
967510040
205906708
080000020
658000471
009408500
013275869

536149287
492687135
871352694
967513040
205906708
080000020
658000471
009408500
013275869

536149287
492687135
871352694
967513040
205906708
080000020
658000471
009408500
013275869

536149287
492687135
871352694
967510040
205906708
080000020
658000471
009408500
013275869

536149287
492687135
871352694
967520040
205906708
080000020
658000471
009408500
013275869

536149287
492687135
871352694
967521040
205906708
080000020
658000471
009408500
013275869

536149287
492687135
871352694
967521340
205906708
080000020
658000471
009408500
013275869

536149287
492687135
871352694
967521340
205906708
080000020
658000471
009408500
013275869

536149287
492687135
871352694
967521040
205906708
080000020
658000471
009408500
013275869

536149287
492687135
871352694
967523040
205906708
080000020
658000471
009408500
013275869

536149287
492687135
871352694
967523040
205906708
080000020
658000471
009408500
013275869

536149287
492687135
871352694
967520040
205906708
080000020
658000471
009408500
013275869

536149287
492687135
871352694
967530040
205906708
080000020
658000471
009408500
013275869

536149287
492687135
871352694
967531040
205906708
080000020
658000471
009408500
013275869

536149287
492687135
871352694
967531040
205906708
080000020
658000471
009408500
013275869

536149287
492687135
871352694
967530040
205906708
080000020
658000471
009408500
013275869

536149287
492687135
871352694
967500040
205906708
080000020
658000471
009408500
013275869

536149287
492687135
871352694
967800040
205906708
080000020
658000471
009408500
013275869

536149287
492687135
871352694
967810040
205906708
080000020
658000471
009408500
013275869

536149287
492687135
871352694
967813040
205906708
080000020
658000471
009408500
013275869

536149287
492687135
871352694
967813040
205906708
080000020
658000471
009408500
013275869

536149287
492687135
871352694
967810040
205906708
080000020
658000471
009408500
013275869

536149287
492687135
871352694
967820040
205906708
080000020
658000471
009408500
013275869

536149287
492687135
871352694
967821040
205906708
080000020
658000471
009408500
013275869

536149287
492687135
871352694
967821340
205906708
080000020
658000471
009408500
013275869

536149287
492687135
871352694
967821340
205906708
080000020
658000471
009408500
013275869

536149287
492687135
871352694
967821040
205906708
080000020
658000471
009408500
013275869

536149287
492687135
871352694
967823040
205906708
080000020
658000471
009408500
013275869

536149287
492687135
871352694
967823040
205906708
080000020
658000471
009408500
013275869

536149287
492687135
871352694
967820040
205906708
080000020
658000471
009408500
013275869

536149287
492687135
871352694
967830040
205906708
080000020
658000471
009408500
013275869

536149287
492687135
871352694
967831040
205906708
080000020
658000471
009408500
013275869

536149287
492687135
871352694
967831040
205906708
080000020
658000471
009408500
013275869

536149287
492687135
871352694
967830040
205906708
080000020
658000471
009408500
013275869

536149287
492687135
871352694
967800040
205906708
080000020
658000471
009408500
013275869

536149287
492687135
871352694
967000040
205906708
080000020
658000471
009408500
013275869

536149287
492687135
871352694
960000040
205906708
080000020
658000471
009408500
013275869

536149287
492687135
871352694
060000040
205906708
080000020
658000471
009408500
013275869

536149287
492687135
871350694
060000040
205906708
080000020
658000471
009408500
013275869

536149287
492687135
871300694
060000040
205906708
080000020
658000471
009408500
013275869

536149287
492687135
871500694
060000040
205906708
080000020
658000471
009408500
013275869

536149287
492687135
871520694
060000040
205906708
080000020
658000471
009408500
013275869

536149287
492687135
871523694
060000040
205906708
080000020
658000471
009408500
013275869

536149287
492687135
871523694
160000040
205906708
080000020
658000471
009408500
013275869

536149287
492687135
871523694
167000040
205906708
080000020
658000471
009408500
013275869

536149287
492687135
871523694
167300040
205906708
080000020
658000471
009408500
013275869

536149287
492687135
871523694
167350040
205906708
080000020
658000471
009408500
013275869

536149287
492687135
871523694
167352040
205906708
080000020
658000471
009408500
013275869

536149287
492687135
871523694
167352940
205906708
080000020
658000471
009408500
013275869

536149287
492687135
871523694
167352940
205906708
080000020
658000471
009408500
013275869

536149287
492687135
871523694
167352040
205906708
080000020
658000471
009408500
013275869

536149287
492687135
871523694
167350040
205906708
080000020
658000471
009408500
013275869

536149287
492687135
871523694
167300040
205906708
080000020
658000471
009408500
013275869

536149287
492687135
871523694
167800040
205906708
080000020
658000471
009408500
013275869

536149287
492687135
871523694
167830040
205906708
080000020
658000471
009408500
013275869

536149287
492687135
871523694
167832040
205906708
080000020
658000471
009408500
013275869

536149287
492687135
871523694
167832940
205906708
080000020
658000471
009408500
013275869

536149287
492687135
871523694
167832940
205906708
080000020
658000471
009408500
013275869

536149287
492687135
871523694
167832040
205906708
080000020
658000471
009408500
013275869

536149287
492687135
871523694
167830040
205906708
080000020
658000471
009408500
013275869

536149287
492687135
871523694
167850040
205906708
080000020
658000471
009408500
013275869

536149287
492687135
871523694
167852040
205906708
080000020
658000471
009408500
013275869

536149287
492687135
871523694
167852340
205906708
080000020
658000471
009408500
013275869

536149287
492687135
871523694
167852340
205906708
080000020
658000471
009408500
013275869

536149287
492687135
871523694
167852940
205906708
080000020
658000471
009408500
013275869

536149287
492687135
871523694
167852943
205906708
080000020
658000471
009408500
013275869

536149287
492687135
871523694
167852943
245906708
080000020
658000471
009408500
013275869

536149287
492687135
871523694
167852943
245916708
080000020
658000471
009408500
013275869

536149287
492687135
871523694
167852943
245916708
080000020
658000471
009408500
013275869

536149287
492687135
871523694
167852943
245936708
080000020
658000471
009408500
013275869

536149287
492687135
871523694
167852943
245936718
080000020
658000471
009408500
013275869

536149287
492687135
871523694
167852943
245936718
380000020
658000471
009408500
013275869

536149287
492687135
871523694
167852943
245936718
380000020
658000471
009408500
013275869

536149287
492687135
871523694
167852943
245936718
980000020
658000471
009408500
013275869

536149287
492687135
871523694
167852943
245936718
980000020
658000471
009408500
013275869

536149287
492687135
871523694
167852943
245936718
080000020
658000471
009408500
013275869

536149287
492687135
871523694
167852943
245936708
080000020
658000471
009408500
013275869

536149287
492687135
871523694
167852943
245906708
080000020
658000471
009408500
013275869

536149287
492687135
871523694
167852943
205906708
080000020
658000471
009408500
013275869

536149287
492687135
871523694
167852940
205906708
080000020
658000471
009408500
013275869

536149287
492687135
871523694
167852040
205906708
080000020
658000471
009408500
013275869

536149287
492687135
871523694
167850040
205906708
080000020
658000471
009408500
013275869

536149287
492687135
871523694
167800040
205906708
080000020
658000471
009408500
013275869

536149287
492687135
871523694
167000040
205906708
080000020
658000471
009408500
013275869

536149287
492687135
871523694
160000040
205906708
080000020
658000471
009408500
013275869

536149287
492687135
871523694
360000040
205906708
080000020
658000471
009408500
013275869

536149287
492687135
871523694
367000040
205906708
080000020
658000471
009408500
013275869

536149287
492687135
871523694
367800040
205906708
080000020
658000471
009408500
013275869

536149287
492687135
871523694
367810040
205906708
080000020
658000471
009408500
013275869

536149287
492687135
871523694
367812040
205906708
080000020
658000471
009408500
013275869

536149287
492687135
871523694
367812940
205906708
080000020
658000471
009408500
013275869

536149287
492687135
871523694
367812940
205906708
080000020
658000471
009408500
013275869

536149287
492687135
871523694
367812040
205906708
080000020
658000471
009408500
013275869

536149287
492687135
871523694
367810040
205906708
080000020
658000471
009408500
013275869

536149287
492687135
871523694
367850040
205906708
080000020
658000471
009408500
013275869

536149287
492687135
871523694
367851040
205906708
080000020
658000471
009408500
013275869

536149287
492687135
871523694
367851940
205906708
080000020
658000471
009408500
013275869

536149287
492687135
871523694
367851940
205906708
080000020
658000471
009408500
013275869

536149287
492687135
871523694
367851040
205906708
080000020
658000471
009408500
013275869

536149287
492687135
871523694
367852040
205906708
080000020
658000471
009408500
013275869

536149287
492687135
871523694
367852940
205906708
080000020
658000471
009408500
013275869

536149287
492687135
871523694
367852940
205906708
080000020
658000471
009408500
013275869

536149287
492687135
871523694
367852040
205906708
080000020
658000471
009408500
013275869

536149287
492687135
871523694
367850040
205906708
080000020
658000471
009408500
013275869

536149287
492687135
871523694
367800040
205906708
080000020
658000471
009408500
013275869

536149287
492687135
871523694
367000040
205906708
080000020
658000471
009408500
013275869

536149287
492687135
871523694
360000040
205906708
080000020
658000471
009408500
013275869

536149287
492687135
871523694
760000040
205906708
080000020
658000471
009408500
013275869

536149287
492687135
871523694
760000040
205906708
080000020
658000471
009408500
013275869

536149287
492687135
871523694
960000040
205906708
080000020
658000471
009408500
013275869

