000040000
002607100
871000694
060000040
215906708
080000020
658000471
009408500
000070000

000040000
002607100
871000694
060000040
215936708
080000020
658000471
009408500
000070000

000040000
002607100
871000694
060000040
215936708
080000020
658000471
009408500
000070000

000040000
002607100
871000694
060000040
215906708
080000020
658000471
009408500
000070000

000040000
002607100
871000694
060000040
235906708
080000020
658000471
009408500
000070000

000040000
002607100
871000694
060000040
235916708
080000020
658000471
009408500
000070000

000040000
002607100
871000694
060000040
235916708
080000020
658000471
009408500
000070000

000040000
002607100
871000694
060000040
235906708
080000020
658000471
009408500
000070000

000040000
002607100
871000694
060000040
245906708
080000020
658000471
009408500
000070000

000040000
002607100
871000694
060000040
245916708
080000020
658000471
009408500
000070000

000040000
002607100
871000694
060000040
245916738
080000020
658000471
009408500
000070000

000040000
002607100
871000694
060000040
245916738
180000020
658000471
009408500
000070000

000040000
002607100
871000694
060000040
245916738
183000020
658000471
009408500
000070000

000040000
002607100
871000694
060000040
245916738
183500020
658000471
009408500
000070000

000040000
002607100
871000694
060000040
245916738
183500020
658000471
009408500
000070000

000040000
002607100
871000694
060000040
245916738
183700020
658000471
009408500
000070000

000040000
002607100
871000694
060000040
245916738
183750020
658000471
009408500
000070000

000040000
002607100
871000694
060000040
245916738
183754020
658000471
009408500
000070000

000040000
002607100
871000694
060000040
245916738
183754920
658000471
009408500
000070000

000040000
002607100
871000694
060000040
245916738
183754926
658000471
009408500
000070000

000040000
002607100
871000694
060000040
245916738
183754926
658200471
009408500
000070000

000040000
002607100
871000694
060000040
245916738
183754926
658230471
009408500
000070000

000040000
002607100
871000694
060000040
245916738
183754926
658239471
009408500
000070000

000040000
002607100
871000694
060000040
245916738
183754926
658239471
309408500
000070000

000040000
002607100
871000694
060000040
245916738
183754926
658239471
319408500
000070000

000040000
002607100
871000694
060000040
245916738
183754926
658239471
319468500
000070000

000040000
002607100
871000694
060000040
245916738
183754926
658239471
319468500
000070000

000040000
002607100
871000694
060000040
245916738
183754926
658239471
319408500
000070000

000040000
002607100
871000694
060000040
245916738
183754926
658239471
329408500
000070000

000040000
002607100
871000694
060000040
245916738
183754926
658239471
329468500
000070000

000040000
002607100
871000694
060000040
245916738
183754926
658239471
329468500
000070000

000040000
002607100
871000694
060000040
245916738
183754926
658239471
329408500
000070000

000040000
002607100
871000694
060000040
245916738
183754926
658239471
309408500
000070000

000040000
002607100
871000694
060000040
245916738
183754926
658239471
709408500
000070000

000040000
002607100
871000694
060000040
245916738
183754926
658239471
719408500
000070000

000040000
002607100
871000694
060000040
245916738
183754926
658239471
719468500
000070000

000040000
002607100
871000694
060000040
245916738
183754926
658239471
719468500
000070000

000040000
002607100
871000694
060000040
245916738
183754926
658239471
719408500
000070000

000040000
002607100
871000694
060000040
245916738
183754926
658239471
729408500
000070000

000040000
002607100
871000694
060000040
245916738
183754926
658239471
729468500
000070000

000040000
002607100
871000694
060000040
245916738
183754926
658239471
729468500
000070000

000040000
002607100
871000694
060000040
245916738
183754926
658239471
729408500
000070000

000040000
002607100
871000694
060000040
245916738
183754926
658239471
739408500
000070000

000040000
002607100
871000694
060000040
245916738
183754926
658239471
739468500
000070000

000040000
002607100
871000694
060000040
245916738
183754926
658239471
739468500
000070000

000040000
002607100
871000694
060000040
245916738
183754926
658239471
739408500
000070000

000040000
002607100
871000694
060000040
245916738
183754926
658239471
709408500
000070000

000040000
002607100
871000694
060000040
245916738
183754926
658239471
009408500
000070000

000040000
002607100
871000694
060000040
245916738
183754926
658230471
009408500
000070000

000040000
002607100
871000694
060000040
245916738
183754926
658290471
009408500
000070000

000040000
002607100
871000694
060000040
245916738
183754926
658293471
009408500
000070000

000040000
002607100
871000694
060000040
245916738
183754926
658293471
309408500
000070000

000040000
002607100
871000694
060000040
245916738
183754926
658293471
319408500
000070000

000040000
002607100
871000694
060000040
245916738
183754926
658293471
319468500
000070000

000040000
002607100
871000694
060000040
245916738
183754926
658293471
319468500
000070000

000040000
002607100
871000694
060000040
245916738
183754926
658293471
319408500
000070000

000040000
002607100
871000694
060000040
245916738
183754926
658293471
329408500
000070000

000040000
002607100
871000694
060000040
245916738
183754926
658293471
329468500
000070000

000040000
002607100
871000694
060000040
245916738
183754926
658293471
329468500
000070000

000040000
002607100
871000694
060000040
245916738
183754926
658293471
329408500
000070000

000040000
002607100
871000694
060000040
245916738
183754926
658293471
309408500
000070000

000040000
002607100
871000694
060000040
245916738
183754926
658293471
709408500
000070000

000040000
002607100
871000694
060000040
245916738
183754926
658293471
719408500
000070000

000040000
002607100
871000694
060000040
245916738
183754926
658293471
719468500
000070000

000040000
002607100
871000694
060000040
245916738
183754926
658293471
719468500
000070000

000040000
002607100
871000694
060000040
245916738
183754926
658293471
719408500
000070000

000040000
002607100
871000694
060000040
245916738
183754926
658293471
729408500
000070000

000040000
002607100
871000694
060000040
245916738
183754926
658293471
729468500
000070000

000040000
002607100
871000694
060000040
245916738
183754926
658293471
729468500
000070000

000040000
002607100
871000694
060000040
245916738
183754926
658293471
729408500
000070000

000040000
002607100
871000694
060000040
245916738
183754926
658293471
739408500
000070000

000040000
002607100
871000694
060000040
245916738
183754926
658293471
739468500
000070000

000040000
002607100
871000694
060000040
245916738
183754926
658293471
739468500
000070000

000040000
002607100
871000694
060000040
245916738
183754926
658293471
739408500
000070000

000040000
002607100
871000694
060000040
245916738
183754926
658293471
709408500
000070000

000040000
002607100
871000694
060000040
245916738
183754926
658293471
009408500
000070000

000040000
002607100
871000694
060000040
245916738
183754926
658290471
009408500
000070000

000040000
002607100
871000694
060000040
245916738
183754926
658200471
009408500
000070000

000040000
002607100
871000694
060000040
245916738
183754926
658300471
009408500
000070000

000040000
002607100
871000694
060000040
245916738
183754926
658320471
009408500
000070000

000040000
002607100
871000694
060000040
245916738
183754926
658329471
009408500
000070000

000040000
002607100
871000694
060000040
245916738
183754926
658329471
309408500
000070000

000040000
002607100
871000694
060000040
245916738
183754926
658329471
319408500
000070000

000040000
002607100
871000694
060000040
245916738
183754926
658329471
319468500
000070000

000040000
002607100
871000694
060000040
245916738
183754926
658329471
319468500
000070000

000040000
002607100
871000694
060000040
245916738
183754926
658329471
319408500
000070000

000040000
002607100
871000694
060000040
245916738
183754926
658329471
329408500
000070000

000040000
002607100
871000694
060000040
245916738
183754926
658329471
329468500
000070000

000040000
002607100
871000694
060000040
245916738
183754926
658329471
329468500
000070000

000040000
002607100
871000694
060000040
245916738
183754926
658329471
329408500
000070000

000040000
002607100
871000694
060000040
245916738
183754926
658329471
309408500
000070000

000040000
002607100
871000694
060000040
245916738
183754926
658329471
709408500
000070000

000040000
002607100
871000694
060000040
245916738
183754926
658329471
719408500
000070000

000040000
002607100
871000694
060000040
245916738
183754926
658329471
719468500
000070000

000040000
002607100
871000694
060000040
245916738
183754926
658329471
719468500
000070000

000040000
002607100
871000694
060000040
245916738
183754926
658329471
719408500
000070000

000040000
002607100
871000694
060000040
245916738
183754926
658329471
729408500
000070000

000040000
002607100
871000694
060000040
245916738
183754926
658329471
729468500
000070000

000040000
002607100
871000694
060000040
245916738
183754926
658329471
729468500
000070000

000040000
002607100
871000694
060000040
245916738
183754926
658329471
729408500
000070000

000040000
002607100
871000694
060000040
245916738
183754926
658329471
739408500
000070000

000040000
002607100
871000694
060000040
245916738
183754926
658329471
739468500
000070000

000040000
002607100
871000694
060000040
245916738
183754926
658329471
739468500
000070000

000040000
002607100
871000694
060000040
245916738
183754926
658329471
739408500
000070000

000040000
002607100
871000694
060000040
245916738
183754926
658329471
709408500
000070000

000040000
002607100
871000694
060000040
245916738
183754926
658329471
009408500
000070000

000040000
002607100
871000694
060000040
245916738
183754926
658320471
009408500
000070000

000040000
002607100
871000694
060000040
245916738
183754926
658390471
009408500
000070000

000040000
002607100
871000694
060000040
245916738
183754926
658392471
009408500
000070000

000040000
002607100
871000694
060000040
245916738
183754926
658392471
309408500
000070000

000040000
002607100
871000694
060000040
245916738
183754926
658392471
319408500
000070000

000040000
002607100
871000694
060000040
245916738
183754926
658392471
319468500
000070000

000040000
002607100
871000694
060000040
245916738
183754926
658392471
319468500
000070000

000040000
002607100
871000694
060000040
245916738
183754926
658392471
319408500
000070000

000040000
002607100
871000694
060000040
245916738
183754926
658392471
329408500
000070000

000040000
002607100
871000694
060000040
245916738
183754926
658392471
329468500
000070000

000040000
002607100
871000694
060000040
245916738
183754926
658392471
329468500
000070000

000040000
002607100
871000694
060000040
245916738
183754926
658392471
329408500
000070000

000040000
002607100
871000694
060000040
245916738
183754926
658392471
309408500
000070000

000040000
002607100
871000694
060000040
245916738
183754926
658392471
709408500
000070000

000040000
002607100
871000694
060000040
245916738
183754926
658392471
719408500
000070000

000040000
002607100
871000694
060000040
245916738
183754926
658392471
719468500
000070000

000040000
002607100
871000694
060000040
245916738
183754926
658392471
719468500
000070000

000040000
002607100
871000694
060000040
245916738
183754926
658392471
719408500
000070000

000040000
002607100
871000694
060000040
245916738
183754926
658392471
729408500
000070000

000040000
002607100
871000694
060000040
245916738
183754926
658392471
729468500
000070000

000040000
002607100
871000694
060000040
245916738
183754926
658392471
729468500
000070000

000040000
002607100
871000694
060000040
245916738
183754926
658392471
729408500
000070000

000040000
002607100
871000694
060000040
245916738
183754926
658392471
739408500
000070000

000040000
002607100
871000694
060000040
245916738
183754926
658392471
739468500
000070000

000040000
002607100
871000694
060000040
245916738
183754926
658392471
739468500
000070000

000040000
002607100
871000694
060000040
245916738
183754926
658392471
739408500
000070000

000040000
002607100
871000694
060000040
245916738
183754926
658392471
709408500
000070000

000040000
002607100
871000694
060000040
245916738
183754926
658392471
009408500
000070000

000040000
002607100
871000694
060000040
245916738
183754926
658390471
009408500
000070000

000040000
002607100
871000694
060000040
245916738
183754926
658300471
009408500
000070000

000040000
002607100
871000694
060000040
245916738
183754926
658000471
009408500
000070000

000040000
002607100
871000694
060000040
245916738
183754920
658000471
009408500
000070000

000040000
002607100
871000694
060000040
245916738
183754020
658000471
009408500
000070000

000040000
002607100
871000694
060000040
245916738
183750020
658000471
009408500
000070000

000040000
002607100
871000694
060000040
245916738
183700020
658000471
009408500
000070000

000040000
002607100
871000694
060000040
245916738
183000020
658000471
009408500
000070000

000040000
002607100
871000694
060000040
245916738
187000020
658000471
009408500
000070000

000040000
002607100
871000694
060000040
245916738
187300020
658000471
009408500
000070000

000040000
002607100
871000694
060000040
245916738
187350020
658000471
009408500
000070000

000040000
002607100
871000694
060000040
245916738
187354020
658000471
009408500
000070000

000040000
002607100
871000694
060000040
245916738
187354920
658000471
009408500
000070000

000040000
002607100
871000694
060000040
245916738
187354926
658000471
009408500
000070000

000040000
002607100
871000694
060000040
245916738
187354926
658200471
009408500
000070000

000040000
002607100
871000694
060000040
245916738
187354926
658230471
009408500
000070000

000040000
002607100
871000694
060000040
245916738
187354926
658239471
009408500
000070000

000040000
002607100
871000694
060000040
245916738
187354926
658239471
309408500
000070000

000040000
002607100
871000694
060000040
245916738
187354926
658239471
319408500
000070000

000040000
002607100
871000694
060000040
245916738
187354926
658239471
319468500
000070000

000040000
002607100
871000694
060000040
245916738
187354926
658239471
319468500
000070000

000040000
002607100
871000694
060000040
245916738
187354926
658239471
319408500
000070000

000040000
002607100
871000694
060000040
245916738
187354926
658239471
329408500
000070000

000040000
002607100
871000694
060000040
245916738
187354926
658239471
329468500
000070000

000040000
002607100
871000694
060000040
245916738
187354926
658239471
329468500
000070000

000040000
002607100
871000694
060000040
245916738
187354926
658239471
329408500
000070000

000040000
002607100
871000694
060000040
245916738
187354926
658239471
309408500
000070000

000040000
002607100
871000694
060000040
245916738
187354926
658239471
709408500
000070000

000040000
002607100
871000694
060000040
245916738
187354926
658239471
719408500
000070000

000040000
002607100
871000694
060000040
245916738
187354926
658239471
719468500
000070000

000040000
002607100
871000694
060000040
245916738
187354926
658239471
719468500
000070000

000040000
002607100
871000694
060000040
245916738
187354926
658239471
719408500
000070000

000040000
002607100
871000694
060000040
245916738
187354926
658239471
729408500
000070000

000040000
002607100
871000694
060000040
245916738
187354926
658239471
729468500
000070000

000040000
002607100
871000694
060000040
245916738
187354926
658239471
729468500
000070000

000040000
002607100
871000694
060000040
245916738
187354926
658239471
729408500
000070000

000040000
002607100
871000694
060000040
245916738
187354926
658239471
739408500
000070000

000040000
002607100
871000694
060000040
245916738
187354926
658239471
739468500
000070000

000040000
002607100
871000694
060000040
245916738
187354926
658239471
739468500
000070000

000040000
002607100
871000694
060000040
245916738
187354926
658239471
739408500
000070000

000040000
002607100
871000694
060000040
245916738
187354926
658239471
709408500
000070000

000040000
002607100
871000694
060000040
245916738
187354926
658239471
009408500
000070000

000040000
002607100
871000694
060000040
245916738
187354926
658230471
009408500
000070000

000040000
002607100
871000694
060000040
245916738
187354926
658290471
009408500
000070000

000040000
002607100
871000694
060000040
245916738
187354926
658293471
009408500
000070000

000040000
002607100
871000694
060000040
245916738
187354926
658293471
309408500
000070000

000040000
002607100
871000694
060000040
245916738
187354926
658293471
319408500
000070000

000040000
002607100
871000694
060000040
245916738
187354926
658293471
319468500
000070000

000040000
002607100
871000694
060000040
245916738
187354926
658293471
319468500
000070000

000040000
002607100
871000694
060000040
245916738
187354926
658293471
319408500
000070000

000040000
002607100
871000694
060000040
245916738
187354926
658293471
329408500
000070000

000040000
002607100
871000694
060000040
245916738
187354926
658293471
329468500
000070000

000040000
002607100
871000694
060000040
245916738
187354926
658293471
329468500
000070000

000040000
002607100
871000694
060000040
245916738
187354926
658293471
329408500
000070000

000040000
002607100
871000694
060000040
245916738
187354926
658293471
309408500
000070000

000040000
002607100
871000694
060000040
245916738
187354926
658293471
709408500
000070000

000040000
002607100
871000694
060000040
245916738
187354926
658293471
719408500
000070000

000040000
002607100
871000694
060000040
245916738
187354926
658293471
719468500
000070000

000040000
002607100
871000694
060000040
245916738
187354926
658293471
719468500
000070000

000040000
002607100
871000694
060000040
245916738
187354926
658293471
719408500
000070000

000040000
002607100
871000694
060000040
245916738
187354926
658293471
729408500
000070000

000040000
002607100
871000694
060000040
245916738
187354926
658293471
729468500
000070000

000040000
002607100
871000694
060000040
245916738
187354926
658293471
729468500
000070000

000040000
002607100
871000694
060000040
245916738
187354926
658293471
729408500
000070000

000040000
002607100
871000694
060000040
245916738
187354926
658293471
739408500
000070000

000040000
002607100
871000694
060000040
245916738
187354926
658293471
739468500
000070000

000040000
002607100
871000694
060000040
245916738
187354926
658293471
739468500
000070000

000040000
002607100
871000694
060000040
245916738
187354926
658293471
739408500
000070000

000040000
002607100
871000694
060000040
245916738
187354926
658293471
709408500
000070000

000040000
002607100
871000694
060000040
245916738
187354926
658293471
009408500
000070000

000040000
002607100
871000694
060000040
245916738
187354926
658290471
009408500
000070000

000040000
002607100
871000694
060000040
245916738
187354926
658200471
009408500
000070000

000040000
002607100
871000694
060000040
245916738
187354926
658000471
009408500
000070000

000040000
002607100
871000694
060000040
245916738
187354920
658000471
009408500
000070000

000040000
002607100
871000694
060000040
245916738
187354020
658000471
009408500
000070000

000040000
002607100
871000694
060000040
245916738
187350020
658000471
009408500
000070000

000040000
002607100
871000694
060000040
245916738
187300020
658000471
009408500
000070000

000040000
002607100
871000694
060000040
245916738
187500020
658000471
009408500
000070000

000040000
002607100
871000694
060000040
245916738
187530020
658000471
009408500
000070000

000040000
002607100
871000694
060000040
245916738
187534020
658000471
009408500
000070000

000040000
002607100
871000694
060000040
245916738
187534920
658000471
009408500
000070000

000040000
002607100
871000694
060000040
245916738
187534926
658000471
009408500
000070000

000040000
002607100
871000694
060000040
245916738
187534926
658200471
009408500
000070000

000040000
002607100
871000694
060000040
245916738
187534926
658290471
009408500
000070000

000040000
002607100
871000694
060000040
245916738
187534926
658293471
009408500
000070000

000040000
002607100
871000694
060000040
245916738
187534926
658293471
309408500
000070000

000040000
002607100
871000694
060000040
245916738
187534926
658293471
319408500
000070000

000040000
002607100
871000694
060000040
245916738
187534926
658293471
319468500
000070000

000040000
002607100
871000694
060000040
245916738
187534926
658293471
319468500
000070000

000040000
002607100
871000694
060000040
245916738
187534926
658293471
319408500
000070000

000040000
002607100
871000694
060000040
245916738
187534926
658293471
329408500
000070000

000040000
002607100
871000694
060000040
245916738
187534926
658293471
329468500
000070000

000040000
002607100
871000694
060000040
245916738
187534926
658293471
329468500
000070000

000040000
002607100
871000694
060000040
245916738
187534926
658293471
329408500
000070000

000040000
002607100
871000694
060000040
245916738
187534926
658293471
309408500
000070000

000040000
002607100
871000694
060000040
245916738
187534926
658293471
709408500
000070000

000040000
002607100
871000694
060000040
245916738
187534926
658293471
719408500
000070000

000040000
002607100
871000694
060000040
245916738
187534926
658293471
719468500
000070000

000040000
002607100
871000694
060000040
245916738
187534926
658293471
719468500
000070000

000040000
002607100
871000694
060000040
245916738
187534926
658293471
719408500
000070000

000040000
002607100
871000694
060000040
245916738
187534926
658293471
729408500
000070000

000040000
002607100
871000694
060000040
245916738
187534926
658293471
729468500
000070000

000040000
002607100
871000694
060000040
245916738
187534926
658293471
729468500
000070000

000040000
002607100
871000694
060000040
245916738
187534926
658293471
729408500
000070000

000040000
002607100
871000694
060000040
245916738
187534926
658293471
739408500
000070000

000040000
002607100
871000694
060000040
245916738
187534926
658293471
739468500
000070000

000040000
002607100
871000694
060000040
245916738
187534926
658293471
739468500
000070000

000040000
002607100
871000694
060000040
245916738
187534926
658293471
739408500
000070000

000040000
002607100
871000694
060000040
245916738
187534926
658293471
709408500
000070000

000040000
002607100
871000694
060000040
245916738
187534926
658293471
009408500
000070000

000040000
002607100
871000694
060000040
245916738
187534926
658290471
009408500
000070000

000040000
002607100
871000694
060000040
245916738
187534926
658200471
009408500
000070000

000040000
002607100
871000694
060000040
245916738
187534926
658300471
009408500
000070000

000040000
002607100
871000694
060000040
245916738
187534926
658320471
009408500
000070000

000040000
002607100
871000694
060000040
245916738
187534926
658329471
009408500
000070000

000040000
002607100
871000694
060000040
245916738
187534926
658329471
309408500
000070000

000040000
002607100
871000694
060000040
245916738
187534926
658329471
319408500
000070000

000040000
002607100
871000694
060000040
245916738
187534926
658329471
319468500
000070000

000040000
002607100
871000694
060000040
245916738
187534926
658329471
319468500
000070000

000040000
002607100
871000694
060000040
245916738
187534926
658329471
319408500
000070000

000040000
002607100
871000694
060000040
245916738
187534926
658329471
329408500
000070000

000040000
002607100
871000694
060000040
245916738
187534926
658329471
329468500
000070000

000040000
002607100
871000694
060000040
245916738
187534926
658329471
329468500
000070000

000040000
002607100
871000694
060000040
245916738
187534926
658329471
329408500
000070000

000040000
002607100
871000694
060000040
245916738
187534926
658329471
309408500
000070000

000040000
002607100
871000694
060000040
245916738
187534926
658329471
709408500
000070000

000040000
002607100
871000694
060000040
245916738
187534926
658329471
719408500
000070000

000040000
002607100
871000694
060000040
245916738
187534926
658329471
719468500
000070000

000040000
002607100
871000694
060000040
245916738
187534926
658329471
719468500
000070000

000040000
002607100
871000694
060000040
245916738
187534926
658329471
719408500
000070000

000040000
002607100
871000694
060000040
245916738
187534926
658329471
729408500
000070000

000040000
002607100
871000694
060000040
245916738
187534926
658329471
729468500
000070000

000040000
002607100
871000694
060000040
245916738
187534926
658329471
729468500
000070000

000040000
002607100
871000694
060000040
245916738
187534926
658329471
729408500
000070000

000040000
002607100
871000694
060000040
245916738
187534926
658329471
739408500
000070000

000040000
002607100
871000694
060000040
245916738
187534926
658329471
739468500
000070000

000040000
002607100
871000694
060000040
245916738
187534926
658329471
739468500
000070000

000040000
002607100
871000694
060000040
245916738
187534926
658329471
739408500
000070000

000040000
002607100
871000694
060000040
245916738
187534926
658329471
709408500
000070000

000040000
002607100
871000694
060000040
245916738
187534926
658329471
009408500
000070000

000040000
002607100
871000694
060000040
245916738
187534926
658320471
009408500
000070000

000040000
002607100
871000694
060000040
245916738
187534926
658390471
009408500
000070000

000040000
002607100
871000694
060000040
245916738
187534926
658392471
009408500
000070000

000040000
002607100
871000694
060000040
245916738
187534926
658392471
309408500
000070000

000040000
002607100
871000694
060000040
245916738
187534926
658392471
319408500
000070000

000040000
002607100
871000694
060000040
245916738
187534926
658392471
319468500
000070000

000040000
002607100
871000694
060000040
245916738
187534926
658392471
319468500
000070000

000040000
002607100
871000694
060000040
245916738
187534926
658392471
319408500
000070000

000040000
002607100
871000694
060000040
245916738
187534926
658392471
329408500
000070000

000040000
002607100
871000694
060000040
245916738
187534926
658392471
329468500
000070000

000040000
002607100
871000694
060000040
245916738
187534926
658392471
329468500
000070000

000040000
002607100
871000694
060000040
245916738
187534926
658392471
329408500
000070000

000040000
002607100
871000694
060000040
245916738
187534926
658392471
309408500
000070000

000040000
002607100
871000694
060000040
245916738
187534926
658392471
709408500
000070000

000040000
002607100
871000694
060000040
245916738
187534926
658392471
719408500
000070000

000040000
002607100
871000694
060000040
245916738
187534926
658392471
719468500
000070000

000040000
002607100
871000694
060000040
245916738
187534926
658392471
719468500
000070000

000040000
002607100
871000694
060000040
245916738
187534926
658392471
719408500
000070000

000040000
002607100
871000694
060000040
245916738
187534926
658392471
729408500
000070000

000040000
002607100
871000694
060000040
245916738
187534926
658392471
729468500
000070000

000040000
002607100
871000694
060000040
245916738
187534926
658392471
729468500
000070000

000040000
002607100
871000694
060000040
245916738
187534926
658392471
729408500
000070000

000040000
002607100
871000694
060000040
245916738
187534926
658392471
739408500
000070000

000040000
002607100
871000694
060000040
245916738
187534926
658392471
739468500
000070000

000040000
002607100
871000694
060000040
245916738
187534926
658392471
739468500
000070000

000040000
002607100
871000694
060000040
245916738
187534926
658392471
739408500
000070000

000040000
002607100
871000694
060000040
245916738
187534926
658392471
709408500
000070000

000040000
002607100
871000694
060000040
245916738
187534926
658392471
009408500
000070000

000040000
002607100
871000694
060000040
245916738
187534926
658390471
009408500
000070000

000040000
002607100
871000694
060000040
245916738
187534926
658300471
009408500
000070000

000040000
002607100
871000694
060000040
245916738
187534926
658000471
009408500
000070000

000040000
002607100
871000694
060000040
245916738
187534920
658000471
009408500
000070000

000040000
002607100
871000694
060000040
245916738
187534020
658000471
009408500
000070000

000040000
002607100
871000694
060000040
245916738
187530020
658000471
009408500
000070000

000040000
002607100
871000694
060000040
245916738
187500020
658000471
009408500
000070000

000040000
002607100
871000694
060000040
245916738
187000020
658000471
009408500
000070000

000040000
002607100
871000694
060000040
245916738
180000020
658000471
009408500
000070000

000040000
002607100
871000694
060000040
245916738
380000020
658000471
009408500
000070000

000040000
002607100
871000694
060000040
245916738
387000020
658000471
009408500
000070000

000040000
002607100
871000694
060000040
245916738
387500020
658000471
009408500
000070000

000040000
002607100
871000694
060000040
245916738
387500020
658000471
009408500
000070000

000040000
002607100
871000694
060000040
245916738
387000020
658000471
009408500
000070000

000040000
002607100
871000694
060000040
245916738
380000020
658000471
009408500
000070000

000040000
002607100
871000694
060000040
245916738
780000020
658000471
009408500
000070000

000040000
002607100
871000694
060000040
245916738
783000020
658000471
009408500
000070000

000040000
002607100
871000694
060000040
245916738
783500020
658000471
009408500
000070000

000040000
002607100
871000694
060000040
245916738
783500020
658000471
009408500
000070000

000040000
002607100
871000694
060000040
245916738
783000020
658000471
009408500
000070000

000040000
002607100
871000694
060000040
245916738
780000020
658000471
009408500
000070000

000040000
002607100
871000694
060000040
245916738
980000020
658000471
009408500
000070000

000040000
002607100
871000694
060000040
245916738
983000020
658000471
009408500
000070000

000040000
002607100
871000694
060000040
245916738
983500020
658000471
009408500
000070000

000040000
002607100
871000694
060000040
245916738
983500020
658000471
009408500
000070000

000040000
002607100
871000694
060000040
245916738
983700020
658000471
009408500
000070000

000040000
002607100
871000694
060000040
245916738
983750020
658000471
009408500
000070000

000040000
002607100
871000694
060000040
245916738
983754020
658000471
009408500
000070000

000040000
002607100
871000694
060000040
245916738
983754020
658000471
009408500
000070000

000040000
002607100
871000694
060000040
245916738
983750020
658000471
009408500
000070000

000040000
002607100
871000694
060000040
245916738
983700020
658000471
009408500
000070000

000040000
002607100
871000694
060000040
245916738
983000020
658000471
009408500
000070000

000040000
002607100
871000694
060000040
245916738
987000020
658000471
009408500
000070000

000040000
002607100
871000694
060000040
245916738
987300020
658000471
009408500
000070000

000040000
002607100
871000694
060000040
245916738
987350020
658000471
009408500
000070000

000040000
002607100
871000694
060000040
245916738
987354020
658000471
009408500
000070000

000040000
002607100
871000694
060000040
245916738
987354020
658000471
009408500
000070000

000040000
002607100
871000694
060000040
245916738
987350020
658000471
009408500
000070000

000040000
002607100
871000694
060000040
245916738
987300020
658000471
009408500
000070000

000040000
002607100
871000694
060000040
245916738
987500020
658000471
009408500
000070000

000040000
002607100
871000694
060000040
245916738
987530020
658000471
009408500
000070000

000040000
002607100
871000694
060000040
245916738
987534020
658000471
009408500
000070000

000040000
002607100
871000694
060000040
245916738
987534020
658000471
009408500
000070000

000040000
002607100
871000694
060000040
245916738
987530020
658000471
009408500
000070000

000040000
002607100
871000694
060000040
245916738
987500020
658000471
009408500
000070000

000040000
002607100
871000694
060000040
245916738
987000020
658000471
009408500
000070000

000040000
002607100
871000694
060000040
245916738
980000020
658000471
009408500
000070000

000040000
002607100
871000694
060000040
245916738
080000020
658000471
009408500
000070000

000040000
002607100
871000694
060000040
245916708
080000020
658000471
009408500
000070000

000040000
002607100
871000694
060000040
245936708
080000020
658000471
009408500
000070000

000040000
002607100
871000694
060000040
245936718
080000020
658000471
009408500
000070000

000040000
002607100
871000694
060000040
245936718
180000020
658000471
009408500
000070000

000040000
002607100
871000694
060000040
245936718
183000020
658000471
009408500
000070000

000040000
002607100
871000694
060000040
245936718
183500020
658000471
009408500
000070000

000040000
002607100
871000694
060000040
245936718
183500020
658000471
009408500
000070000

000040000
002607100
871000694
060000040
245936718
183700020
658000471
009408500
000070000

000040000
002607100
871000694
060000040
245936718
183750020
658000471
009408500
000070000

000040000
002607100
871000694
060000040
245936718
183754020
658000471
009408500
000070000

000040000
002607100
871000694
060000040
245936718
183754920
658000471
009408500
000070000

000040000
002607100
871000694
060000040
245936718
183754926
658000471
009408500
000070000

000040000
002607100
871000694
060000040
245936718
183754926
658200471
009408500
000070000

000040000
002607100
871000694
060000040
245936718
183754926
658290471
009408500
000070000

000040000
002607100
871000694
060000040
245936718
183754926
658293471
009408500
000070000

000040000
002607100
871000694
060000040
245936718
183754926
658293471
309408500
000070000

000040000
002607100
871000694
060000040
245936718
183754926
658293471
319408500
000070000

000040000
002607100
871000694
060000040
245936718
183754926
658293471
319468500
000070000

000040000
002607100
871000694
060000040
245936718
183754926
658293471
319468500
000070000

000040000
002607100
871000694
060000040
245936718
183754926
658293471
319408500
000070000

000040000
002607100
871000694
060000040
245936718
183754926
658293471
329408500
000070000

000040000
002607100
871000694
060000040
245936718
183754926
658293471
329418500
000070000

000040000
002607100
871000694
060000040
245936718
183754926
658293471
329418560
000070000

000040000
002607100
871000694
060000040
245936718
183754926
658293471
329418560
000070000

000040000
002607100
871000694
060000040
245936718
183754926
658293471
329418500
000070000

000040000
002607100
871000694
060000040
245936718
183754926
658293471
329468500
000070000

000040000
002607100
871000694
060000040
245936718
183754926
658293471
329468500
000070000

000040000
002607100
871000694
060000040
245936718
183754926
658293471
329408500
000070000

000040000
002607100
871000694
060000040
245936718
183754926
658293471
309408500
000070000

000040000
002607100
871000694
060000040
245936718
183754926
658293471
709408500
000070000

000040000
002607100
871000694
060000040
245936718
183754926
658293471
719408500
000070000

000040000
002607100
871000694
060000040
245936718
183754926
658293471
719468500
000070000

000040000
002607100
871000694
060000040
245936718
183754926
658293471
719468530
000070000

000040000
002607100
871000694
060000040
245936718
183754926
658293471
719468532
000070000

000040000
002607100
871000694
060000040
245936718
183754926
658293471
719468532
300070000

000040000
002607100
871000694
060000040
245936718
183754926
658293471
719468532
320070000

000040000
002607100
871000694
060000040
245936718
183754926
658293471
719468532
324070000

000040000
002607100
871000694
060000040
245936718
183754926
658293471
719468532
324170000

000040000
002607100
871000694
060000040
245936718
183754926
658293471
719468532
324175000

000040000
002607100
871000694
060000040
245936718
183754926
658293471
719468532
324175800

000040000
002607100
871000694
060000040
245936718
183754926
658293471
719468532
324175860

000040000
002607100
871000694
060000040
245936718
183754926
658293471
719468532
324175869

500040000
002607100
871000694
060000040
245936718
183754926
658293471
719468532
324175869

530040000
002607100
871000694
060000040
245936718
183754926
658293471
719468532
324175869

536040000
002607100
871000694
060000040
245936718
183754926
658293471
719468532
324175869

536840000
002607100
871000694
060000040
245936718
183754926
658293471
719468532
324175869

536841000
002607100
871000694
060000040
245936718
183754926
658293471
719468532
324175869

536841200
002607100
871000694
060000040
245936718
183754926
658293471
719468532
324175869

536841200
002607100
871000694
060000040
245936718
183754926
658293471
719468532
324175869

536841000
002607100
871000694
060000040
245936718
183754926
658293471
719468532
324175869

536842000
002607100
871000694
060000040
245936718
183754926
658293471
719468532
324175869

536842000
002607100
871000694
060000040
245936718
183754926
658293471
719468532
324175869

536849000
002607100
871000694
060000040
245936718
183754926
658293471
719468532
324175869

536849200
002607100
871000694
060000040
245936718
183754926
658293471
719468532
324175869

536849200
002607100
871000694
060000040
245936718
183754926
658293471
719468532
324175869

536849000
002607100
871000694
060000040
245936718
183754926
658293471
719468532
324175869

536840000
002607100
871000694
060000040
245936718
183754926
658293471
719468532
324175869

536040000
002607100
871000694
060000040
245936718
183754926
658293471
719468532
324175869

530040000
002607100
871000694
060000040
245936718
183754926
658293471
719468532
324175869

590040000
002607100
871000694
060000040
245936718
183754926
658293471
719468532
324175869

596040000
002607100
871000694
060000040
245936718
183754926
658293471
719468532
324175869

596340000
002607100
871000694
060000040
245936718
183754926
658293471
719468532
324175869

596341000
002607100
871000694
060000040
245936718
183754926
658293471
719468532
324175869

596341200
002607100
871000694
060000040
245936718
183754926
658293471
719468532
324175869

596341280
002607100
871000694
060000040
245936718
183754926
658293471
719468532
324175869

596341287
002607100
871000694
060000040
245936718
183754926
658293471
719468532
324175869

596341287
402607100
871000694
060000040
245936718
183754926
658293471
719468532
324175869

596341287
432607100
871000694
060000040
245936718
183754926
658293471
719468532
324175869

596341287
432687100
871000694
060000040
245936718
183754926
658293471
719468532
324175869

596341287
432687150
871000694
060000040
245936718
183754926
658293471
719468532
324175869

596341287
432687150
871000694
060000040
245936718
183754926
658293471
719468532
324175869

596341287
432687100
871000694
060000040
245936718
183754926
658293471
719468532
324175869

596341287
432607100
871000694
060000040
245936718
183754926
658293471
719468532
324175869

596341287
402607100
871000694
060000040
245936718
183754926
658293471
719468532
324175869

596341287
002607100
871000694
060000040
245936718
183754926
658293471
719468532
324175869

596341280
002607100
871000694
060000040
245936718
183754926
658293471
719468532
324175869

596341200
002607100
871000694
060000040
245936718
183754926
658293471
719468532
324175869

596341000
002607100
871000694
060000040
245936718
183754926
658293471
719468532
324175869

596342000
002607100
871000694
060000040
245936718
183754926
658293471
719468532
324175869

596342000
002607100
871000694
060000040
245936718
183754926
658293471
719468532
324175869

596340000
002607100
871000694
060000040
245936718
183754926
658293471
719468532
324175869

596840000
002607100
871000694
060000040
245936718
183754926
658293471
719468532
324175869

596841000
002607100
871000694
060000040
245936718
183754926
658293471
719468532
324175869

596841200
002607100
871000694
060000040
245936718
183754926
658293471
719468532
324175869

596841200
002607100
871000694
060000040
245936718
183754926
658293471
719468532
324175869

596841300
002607100
871000694
060000040
245936718
183754926
658293471
719468532
324175869

596841300
002607100
871000694
060000040
245936718
183754926
658293471
719468532
324175869

596841000
002607100
871000694
060000040
245936718
183754926
658293471
719468532
324175869

596842000
002607100
871000694
060000040
245936718
183754926
658293471
719468532
324175869

596842300
002607100
871000694
060000040
245936718
183754926
658293471
719468532
324175869

596842300
002607100
871000694
060000040
245936718
183754926
658293471
719468532
324175869

596842000
002607100
871000694
060000040
245936718
183754926
658293471
719468532
324175869

596840000
002607100
871000694
060000040
245936718
183754926
658293471
719468532
324175869

596040000
002607100
871000694
060000040
245936718
183754926
658293471
719468532
324175869

590040000
002607100
871000694
060000040
245936718
183754926
658293471
719468532
324175869

500040000
002607100
871000694
060000040
245936718
183754926
658293471
719468532
324175869

900040000
002607100
871000694
060000040
245936718
183754926
658293471
719468532
324175869

930040000
002607100
871000694
060000040
245936718
183754926
658293471
719468532
324175869

936040000
002607100
871000694
060000040
245936718
183754926
658293471
719468532
324175869

936540000
002607100
871000694
060000040
245936718
183754926
658293471
719468532
324175869

936541000
002607100
871000694
060000040
245936718
183754926
658293471
719468532
324175869

936541200
002607100
871000694
060000040
245936718
183754926
658293471
719468532
324175869

936541280
002607100
871000694
060000040
245936718
183754926
658293471
719468532
324175869

936541287
002607100
871000694
060000040
245936718
183754926
658293471
719468532
324175869

936541287
402607100
871000694
060000040
245936718
183754926
658293471
719468532
324175869

936541287
402607100
871000694
060000040
245936718
183754926
658293471
719468532
324175869

936541287
502607100
871000694
060000040
245936718
183754926
658293471
719468532
324175869

936541287
502607100
871000694
060000040
245936718
183754926
658293471
719468532
324175869

936541287
002607100
871000694
060000040
245936718
183754926
658293471
719468532
324175869

936541280
002607100
871000694
060000040
245936718
183754926
658293471
719468532
324175869

936541200
002607100
871000694
060000040
245936718
183754926
658293471
719468532
324175869

936541000
002607100
871000694
060000040
245936718
183754926
658293471
719468532
324175869

936542000
002607100
871000694
060000040
245936718
183754926
658293471
719468532
324175869

936542000
002607100
871000694
060000040
245936718
183754926
658293471
719468532
324175869

936540000
002607100
871000694
060000040
245936718
183754926
658293471
719468532
324175869

936840000
002607100
871000694
060000040
245936718
183754926
658293471
719468532
324175869

936841000
002607100
871000694
060000040
245936718
183754926
658293471
719468532
324175869

936841200
002607100
871000694
060000040
245936718
183754926
658293471
719468532
324175869

936841250
002607100
871000694
060000040
245936718
183754926
658293471
719468532
324175869

936841257
002607100
871000694
060000040
245936718
183754926
658293471
719468532
324175869

936841257
402607100
871000694
060000040
245936718
183754926
658293471
719468532
324175869

936841257
402607100
871000694
060000040
245936718
183754926
658293471
719468532
324175869

936841257
502607100
871000694
060000040
245936718
183754926
658293471
719468532
324175869

936841257
502607100
871000694
060000040
245936718
183754926
658293471
719468532
324175869

936841257
002607100
871000694
060000040
245936718
183754926
658293471
719468532
324175869

936841250
002607100
871000694
060000040
245936718
183754926
658293471
719468532
324175869

936841200
002607100
871000694
060000040
245936718
183754926
658293471
719468532
324175869

936841000
002607100
871000694
060000040
245936718
183754926
658293471
719468532
324175869

936842000
002607100
871000694
060000040
245936718
183754926
658293471
719468532
324175869

936842000
002607100
871000694
060000040
245936718
183754926
658293471
719468532
324175869

936840000
002607100
871000694
060000040
245936718
183754926
658293471
719468532
324175869

936040000
002607100
871000694
060000040
245936718
183754926
658293471
719468532
324175869

930040000
002607100
871000694
060000040
245936718
183754926
658293471
719468532
324175869

900040000
002607100
871000694
060000040
245936718
183754926
658293471
719468532
324175869

000040000
002607100
871000694
060000040
245936718
183754926
658293471
719468532
324175869

000040000
002607100
871000694
060000040
245936718
183754926
658293471
719468532
324175860

000040000
002607100
871000694
060000040
245936718
183754926
658293471
719468532
324175800

000040000
002607100
871000694
060000040
245936718
183754926
658293471
719468532
324175000

000040000
002607100
871000694
060000040
245936718
183754926
658293471
719468532
324170000

000040000
002607100
871000694
060000040
245936718
183754926
658293471
719468532
324570000

000040000
002607100
871000694
060000040
245936718
183754926
658293471
719468532
324571000

000040000
002607100
871000694
060000040
245936718
183754926
658293471
719468532
324571800

000040000
002607100
871000694
060000040
245936718
183754926
658293471
719468532
324571860

000040000
002607100
871000694
060000040
245936718
183754926
658293471
719468532
324571869

500040000
002607100
871000694
060000040
245936718
183754926
658293471
719468532
324571869

530040000
002607100
871000694
060000040
245936718
183754926
658293471
719468532
324571869

536040000
002607100
871000694
060000040
245936718
183754926
658293471
719468532
324571869

536140000
002607100
871000694
060000040
245936718
183754926
658293471
719468532
324571869

536142000
002607100
871000694
060000040
245936718
183754926
658293471
719468532
324571869

536142000
002607100
871000694
060000040
245936718
183754926
658293471
719468532
324571869

536149000
002607100
871000694
060000040
245936718
183754926
658293471
719468532
324571869

536149200
002607100
871000694
060000040
245936718
183754926
658293471
719468532
324571869

536149280
002607100
871000694
060000040
245936718
183754926
658293471
719468532
324571869

536149287
002607100
871000694
060000040
245936718
183754926
658293471
719468532
324571869

536149287
402607100
871000694
060000040
245936718
183754926
658293471
719468532
324571869

536149287
492607100
871000694
060000040
245936718
183754926
658293471
719468532
324571869

536149287
492687100
871000694
060000040
245936718
183754926
658293471
719468532
324571869

536149287
492687150
871000694
060000040
245936718
183754926
658293471
719468532
324571869

536149287
492687153
871000694
060000040
245936718
183754926
658293471
719468532
324571869

536149287
492687153
871300694
060000040
245936718
183754926
658293471
719468532
324571869

536149287
492687153
871320694
060000040
245936718
183754926
658293471
719468532
324571869

536149287
492687153
871325694
060000040
245936718
183754926
658293471
719468532
324571869

536149287
492687153
871325694
960000040
245936718
183754926
658293471
719468532
324571869

536149287
492687153
871325694
967000040
245936718
183754926
658293471
719468532
324571869

536149287
492687153
871325694
967800040
245936718
183754926
658293471
719468532
324571869

536149287
492687153
871325694
967810040
245936718
183754926
658293471
719468532
324571869

536149287
492687153
871325694
967812040
245936718
183754926
658293471
719468532
324571869

536149287
492687153
871325694
967812340
245936718
183754926
658293471
719468532
324571869

536149287
492687153
871325694
967812345
245936718
183754926
658293471
719468532
324571869

